StartChar: AEacute
Encoding: 508 508 355
Width: 1004
VWidth: 1039
Flags: W
HStem: 0 32<26 111.821 213.01 296 381 473.517 568.357 818.105> 212 32<276 475> 352 32<567 689.085> 462 21<907.545 938> 680 32<376 441.625 568.357 819.846> 762 176
VStem: 475 92<32.323 212 244 352 384 620> 625 169 740 26<189 272.767 463.233 547> 913 25<462 543.638> 921 25<199.978 276>
DStem2: 159 105 223 145 0.467484 0.884002<4.53589 141.337 177.572 602.484>
LayerCount: 3
Fore
Refer: 1600 63177 N 1 0 0 1 430 0 2
Refer: 133 198 N 1 0 0 1 0 0 3
Layer: 2
Refer: 1600 63177 N 1 0 0 1 430 0 2
Refer: 133 198 N 1 0 0 1 0 0 3
Colour: ffff
EndChar
