StartChar: Kappa
Encoding: 922 922 503
Width: 756
VWidth: 1039
Flags: W
HStem: 0 32<62 159.643 254.357 347 412 505.155 627.352 714> 680 32<62 159.643 254.357 347 436 498.756 619.518 700>
VStem: 161 92<32.2373 300 343 679.787>
DStem2: 253 343 253 300 0.70266 0.711526<0 87.4933 181.541 375.64> 402 451 336 384 0.477867 -0.878432<27.3157 399.062>
AnchorPoint: "Bottom" 384 0 basechar 0
LayerCount: 3
Fore
Refer: 43 75 N 1 0 0 1 0 0 3
Validated: 32769
Layer: 2
Refer: 43 75 N 1 0 0 1 0 0 3
Validated: 32769
Colour: ffff
EndChar
