StartChar: Kcommaaccent
Encoding: 310 310 245
Width: 756
VWidth: 1039
GlyphClass: 2
LigCaretCntFixed: 1
Flags: W
TeX: 75 0
HStem: -238 21<334 366.5> -126 86<337.713 390.718> 0 32<62 159.643 254.357 347 412 505.155 627.352 714> 680 32<62 159.643 254.357 347 436 498.756 619.518 700>
VStem: 161 92<32.2373 300 343 679.787> 399 37<-170.55 -87.5>
DStem2: 253 343 253 300 0.70266 0.711526<0 87.4933 181.541 375.64> 402 451 336 384 0.477867 -0.878432<27.3157 399.062>
LayerCount: 3
Fore
Refer: 1598 63171 N 1 0 0 1 164 0 2
Refer: 43 75 N 1 0 0 1 0 0 3
Validated: 32769
Layer: 2
Refer: 1598 63171 N 1 0 0 1 164 0 2
Refer: 43 75 N 1 0 0 1 0 0 3
Validated: 32769
Ligature2: "'ccmp' Standard Composition Rules-1" K uni0327
Colour: ffff
EndChar
