StartChar: Mu
Encoding: 924 924 505
Width: 838
VWidth: 1039
Flags: W
HStem: -12 21<391.975 427.537> 0 32<62 137.829 224.171 300 506 603.643 698.357 796> 680 32<62 159.643 698.357 796>
VStem: 161 40<50.7454 622> 605 92<32.2373 649>
DStem2: 274 712 207 622 0.288456 -0.957493<66.8478 574.597> 437 161 422 -12 0.266817 0.963747<0 515.134>
AnchorPoint: "Bottom" 436 0 basechar 0
LayerCount: 3
Fore
Refer: 45 77 N 1 0 0 1 0 0 3
Validated: 32769
Layer: 2
Refer: 45 77 N 1 0 0 1 0 0 3
Validated: 32769
Colour: ffff
EndChar
