StartChar: Ntilde
Encoding: 209 209 144
Width: 770
VWidth: 1039
Flags: W
TeX: 78 0
HStem: -18 21<585.343 638> 0 32<62 138.252 224.171 300> 680 32<62 159.231 500 575.445 661.788 738> 812 52<422.399 541.117> 850 52<290.883 409.601>
VStem: 161 40<50.7454 603> 260 20<809.3 831.721> 552 20<882.279 904.7> 598 40<154 660.021>
DStem2: 251 712 205 603 0.534761 -0.845004<67.5064 657.074>
LayerCount: 3
Fore
Refer: 1595 61429 N 1 0 0 1 196 0 2
Refer: 46 78 N 1 0 0 1 0 0 3
Layer: 2
Refer: 1595 61429 N 1 0 0 1 196 0 2
Refer: 46 78 N 1 0 0 1 0 0 3
Colour: ffff
EndChar
