StartChar: Ydieresis
Encoding: 376 376 311
Width: 728
VWidth: 1039
Flags: W
TeX: 89 0
HStem: 0 32<224 345.517 440.483 562> 680 32<42 132.662 259.343 352 454 523.906 625.89 702> 798 104<247.236 332.764 451.236 536.764>
VStem: 238 104<807.236 892.764> 347 92<32.323 318> 442 104<807.236 892.764>
DStem2: 420 366 347 318 0.520798 -0.85368<-331.362 0> 420 366 439 335 0.465344 0.88513<0 282.134>
LayerCount: 3
Fore
Refer: 1602 63179 N 1 0 0 1 172 0 2
Refer: 57 89 N 1 0 0 1 0 0 3
Validated: 1
Layer: 2
Refer: 1602 63179 N 1 0 0 1 172 0 2
Refer: 57 89 N 1 0 0 1 0 0 3
Validated: 32769
MultipleSubs2: "Decompose Accented-1" Y uni0308
Colour: ffff
EndChar
