StartChar: Zdotaccent
Encoding: 379 379 314
Width: 652
VWidth: 1039
Flags: W
TeX: 90 0
HStem: 0 32<178 439.882> 456 21<88 113> 680 32<236.884 482> 798 104<317.236 402.764>
VStem: 88 25<456 503.908> 308 104<807.236 892.764> 581 25<247.712 302>
DStem2: 68 32 178 32 0.538389 0.842696<59.2228 768.96>
LayerCount: 3
Fore
Refer: 1590 61421 N 1 0 0 1 140 0 2
Refer: 58 90 N 1 0 0 1 0 0 3
Validated: 32769
Layer: 2
Refer: 1590 61421 N 1 0 0 1 140 0 2
Refer: 58 90 N 1 0 0 1 0 0 3
Validated: 32769
Colour: ffff
EndChar
