StartChar: Zeta
Encoding: 918 918 499
Width: 652
VWidth: 1039
Flags: W
HStem: 0 32<178 439.882> 456 21<88 113> 680 32<236.884 482>
VStem: 88 25<456 503.908> 581 25<247.712 302>
DStem2: 68 32 178 32 0.538389 0.842696<59.2228 768.96>
AnchorPoint: "Bottom" 360 0 basechar 0
LayerCount: 3
Fore
Refer: 58 90 N 1 0 0 1 0 0 3
Validated: 32769
Layer: 2
Refer: 58 90 N 1 0 0 1 0 0 3
Validated: 32769
Colour: ffff
EndChar
