StartChar: adieresis
Encoding: 228 228 163
Width: 494
VWidth: 959
Flags: W
TeX: 97 0
HStem: -12 36<148.286 235.423 387.82 435.246> 444 24<164.212 268.927> 548 96<94.332 173.668 282.332 361.668>
VStem: 46 84<38.0659 179.664> 78 47<327 414.576> 86 96<556.332 635.668> 274 96<556.332 635.668> 308 72<32.0085 84 99.0637 245 266 402.788> 458 18<65.7282 130>
DStem2: 216 249 221 226 0.983353 0.181707<-49.1725 89.7416>
LayerCount: 3
Fore
Refer: 103 168 N 1 0 0 1 8 0 2
Refer: 65 97 N 1 0 0 1 0 0 3
Layer: 2
Refer: 103 168 N 1 0 0 1 8 0 2
Refer: 65 97 N 1 0 0 1 0 0 3
MultipleSubs2: "Decompose Accented-1" a uni0308
Colour: ffff
EndChar
