StartChar: afii10054
Encoding: 1029 1029 595
Width: 620
VWidth: 1039
Flags: W
TeX: 97 0
HStem: -18 32<286.14 433.502> -10 21<94.557 120> 692 20<491.778 518.769> 698 32<213.669 345.429>
VStem: 88 24<243.566 306> 90 60<492.586 639.44> 95 23<-10 30> 494 24<676 712> 504 24<452 491.805> 508 60<92.5018 217.038>
DStem2: 241 447 244 338 0.928808 -0.370561<-71.9166 306.93>
LayerCount: 3
Fore
Refer: 51 83 N 1 0 0 1 0 0 3
Layer: 2
Refer: 51 83 N 1 0 0 1 0 0 3
Validated: 32769
Colour: ffff
EndChar
