StartChar: afii10110
Encoding: 1118 1118 684
Width: 530
Flags: W
TeX: 97 0
HStem: -238 32<124.099 186.506> 432 24<18 84.8576 184.184 244 324 374.828 447.076 506> 494 28<210.245 341.755> 577 71<186.067 234.926 317.074 365.933>
VStem: 42 82<-205.7 -126.379> 142 43<537.843 605> 367 43<537.843 605>
DStem2: 290 68 110 373 0.325144 -0.945665<-357.022 0> 225 -127 253 -139 0.299972 0.953948<-64.3578 91.0927 205.518 543.377>
LayerCount: 3
Fore
Refer: 1609 63188 N 1 0 0 1 56 0 2
Refer: 89 121 N 1 0 0 1 0 0 3
Validated: 1
Layer: 2
Refer: 1609 63188 N 1 0 0 1 56 0 2
Refer: 89 121 N 1 0 0 1 0 0 3
Validated: 32769
Colour: ffff
EndChar
