StartChar: afii10075
Encoding: 1081 1081 647
Width: 538
Flags: W
TeX: 97 0
HStem: 0 24<38 100.812 175.188 238 300 362.812 437.188 500> 432 24<38 100.812 175.188 238 300 362.812 437.188 500> 494 28<202.245 333.755> 577 71<178.067 226.926 309.074 357.933>
VStem: 102 72<24.0044 72 116 431.996> 134 43<537.843 605> 359 43<537.843 605> 364 72<24.0044 340 384 431.996>
DStem2: 174 116 174 72 0.578355 0.815785<0 292.623>
LayerCount: 3
Fore
Refer: 1609 63188 N 1 0 0 1 48 0 2
Refer: 646 1080 N 1 0 0 1 0 0 3
Layer: 2
Refer: 646 1080 N 1 0 0 1 0 0 3
Refer: 1609 63188 N 1 0 0 1 48 0 2
Validated: 32769
Colour: ffff
EndChar
