StartChar: afii10027
Encoding: 1049 1049 615
Width: 770
VWidth: 1039
Flags: W
TeX: 97 0
HStem: 0 32<62 159.643 254.357 352 438 535.643 630.483 728> 680 32<62 159.643 254.357 352 438 535.643 630.483 728> 742 30<302.125 481.875> 858 94<268.141 311.087 472.913 515.859>
VStem: 161 92<32.2373 92 150 679.787> 198 66<816.608 896.5> 520 66<816.608 896.5> 537 92<32.323 562 620 679.709>
DStem2: 253 150 253 92 0.517171 0.855882<0 499.5>
LayerCount: 3
Fore
Refer: 1606 63185 N 1 0 0 1 172 0 2
Refer: 614 1048 N 1 0 0 1 0 0 3
Layer: 2
Refer: 614 1048 N 1 0 0 1 0 0 3
Refer: 1606 63185 N 1 0 0 1 172 0 2
Validated: 32769
Colour: ffff
EndChar
