StartChar: afii10062
Encoding: 1038 1038 604
Width: 772
VWidth: 1039
Flags: W
TeX: 97 0
HStem: -18 32<235.777 334.852> 82 118<228.234 283.05> 680 32<42 142.797 262.012 360 478 573.375 661.367 748> 742 30<326.125 505.875> 858 94<292.141 335.087 496.913 539.859>
VStem: 146 78<34.4157 125> 222 66<816.608 896.5> 544 66<816.608 896.5>
DStem2: 399 131 445 143 0.365156 0.930946<-108.071 24.333 140.942 534.175> 451 262 407 154 0.45459 -0.890701<-443.681 0>
LayerCount: 3
Fore
Refer: 1606 63185 N 1 0 0 1 196 0 2
Refer: 625 1059 N 1 0 0 1 0 0 3
Validated: 1
Layer: 2
Refer: 1606 63185 N 1 0 0 1 196 0 2
Refer: 625 1059 N 1 0 0 1 0 0 3
Validated: 32769
Colour: ffff
EndChar
