StartChar: agrave
Encoding: 224 224 159
Width: 494
VWidth: 959
Flags: W
TeX: 97 0
HStem: -12 36<148.286 235.423 387.82 435.246> 444 24<164.212 268.927> 508 176
VStem: 46 84<38.0659 179.664> 78 47<327 414.576> 84 169 308 72<32.0085 84 99.0637 245 266 402.788> 458 18<65.7282 130>
DStem2: 216 249 221 226 0.983353 0.181707<-49.1725 89.7416>
LayerCount: 3
Fore
Refer: 64 96 N 1 0 0 1 8 0 2
Refer: 65 97 N 1 0 0 1 0 0 3
Layer: 2
Refer: 64 96 N 1 0 0 1 8 0 2
Refer: 65 97 N 1 0 0 1 0 0 3
Validated: 32769
Colour: ffff
EndChar
