StartChar: aleph
Encoding: 8501 8501 1241
Width: 570
Flags: W
HStem: -12 21<86 201 423 436.5>
VStem: 62 40<151 278.507> 72 63<453.25 537.128> 74 158<6.5448 113.574> 395 121<336.835 385.997> 420 62<23.1841 116.26>
DStem2: 192 410 136 317 0.747752 -0.663979<17.5481 197.139 235.159 403.687>
LayerCount: 3
Fore
Refer: 738 1488 N 1 0 0 1 0 0 2
Validated: 1
Layer: 2
Refer: 738 1488 N 1 0 0 1 0 0 2
Validated: 32769
Colour: ffff
EndChar
