StartChar: aringacute
Encoding: 507 507 354
Width: 494
VWidth: 959
Flags: W
HStem: -12 36<148.286 235.423 387.82 435.246> 444 24<164.212 268.927> 484 24<187.89 268.11> 656 24<187.89 268.11> 696 176
VStem: 46 84<38.0659 179.664> 78 47<327 414.576> 130 24<541.89 622.11> 203 169 302 24<541.89 622.11> 308 72<32.0085 84 99.0637 245 266 402.788> 458 18<65.7282 130>
DStem2: 216 249 221 226 0.983353 0.181707<-49.1725 89.7416>
LayerCount: 3
Fore
Refer: 115 180 N 1 0 0 1 8 188 2
Refer: 410 730 N 1 0 0 1 8 -16 2
Refer: 65 97 N 1 0 0 1 0 0 3
Layer: 2
Refer: 115 180 N 1 0 0 1 8 188 2
Refer: 410 730 N 1 0 0 1 8 -16 2
Refer: 65 97 N 1 0 0 1 0 0 3
LCarets2: 2 0 0
Colour: ffff
EndChar
