StartChar: atilde
Encoding: 227 227 162
Width: 494
VWidth: 959
Flags: W
TeX: 97 0
HStem: -12 36<148.286 235.423 387.82 435.246> 444 24<164.212 268.927> 560 50<233.524 338.185> 596 50<117.815 222.476>
VStem: 46 84<38.0659 179.664> 78 47<327 414.576> 86 17<556.353 573.867> 308 72<32.0085 84 99.0637 245 266 402.788> 353 17<632.133 649.647> 458 18<65.7282 130>
DStem2: 216 249 221 226 0.983353 0.181707<-49.1725 89.7416>
LayerCount: 3
Fore
Refer: 412 732 N 1 0 0 1 8 0 2
Refer: 65 97 N 1 0 0 1 0 0 3
Layer: 2
Refer: 412 732 N 1 0 0 1 8 0 2
Refer: 65 97 N 1 0 0 1 0 0 3
MultipleSubs2: "Decompose Accented-1" a tildecomb
Colour: ffff
EndChar
