StartChar: eight.dnom
Encoding: 65622 -1 1703
Width: 380
VWidth: 784
Flags: W
HStem: -10 24<131.302 242.62> 396 24<131.916 234.474>
VStem: 40 45<43.8807 163.643> 45 47<277.92 366.395> 279 44<262.923 367.437> 284 56<53.4153 149.799>
DStem2: 147 260 115 206 0.942103 -0.335325<-61.5522 105.258 108.501 169.357>
LayerCount: 3
Fore
Refer: 1208 8312 N 1 0 0 1 0 -280 3
Layer: 2
Refer: 1208 8312 N 1 0 0 1 0 -280 3
Colour: ffff
EndChar
