StartChar: eightinferior
Encoding: 8328 8328 1223
Width: 380
VWidth: 784
Flags: W
HStem: -166 24<131.302 242.62> 240 24<131.916 234.474>
VStem: 40 45<-112.119 7.64282> 45 47<121.92 210.395> 279 44<106.923 211.437> 284 56<-102.585 -6.20087>
DStem2: 147 104 115 50 0.942103 -0.335325<-61.5522 105.258 108.501 169.357>
LayerCount: 3
Fore
Refer: 1208 8312 N 1 0 0 1 0 -436 3
Layer: 2
Refer: 1208 8312 N 1 0 0 1 0 -436 3
Colour: ffff
EndChar
