StartChar: ellipsis
Encoding: 8230 8230 1152
Width: 840
Flags: W
TeX: 101 0
HStem: -12 124<91.5898 188.41 371.59 468.41 651.59 748.41>
VStem: 78 124<1.58984 98.4102> 358 124<1.58984 98.4102> 638 124<1.58984 98.4102>
CounterMasks: 1 70
LayerCount: 3
Fore
Refer: 14 46 N 1 0 0 1 560 0 2
Refer: 14 46 N 1 0 0 1 280 0 2
Refer: 14 46 N 1 0 0 1 0 0 2
Validated: 1
Layer: 2
Refer: 14 46 N 1 0 0 1 560 0 2
Refer: 14 46 N 1 0 0 1 280 0 2
Refer: 14 46 N 1 0 0 1 0 0 2
Validated: 32769
Colour: ffff
EndChar
