StartChar: exclamdbl
Encoding: 8252 8252 1167
Width: 560
Flags: W
HStem: -12 124<91.5898 188.41 371.59 468.41> 674 20<121.5 158.5 401.5 438.5>
VStem: 78 124<1.58984 98.4102 446.685 678.927> 358 124<1.58984 98.4102 446.685 678.927>
LayerCount: 3
Fore
Refer: 1 33 N 1 0 0 1 280 0 2
Refer: 1 33 N 1 0 0 1 0 0 2
Validated: 1
Layer: 2
Refer: 1 33 N 1 0 0 1 280 0 2
Refer: 1 33 N 1 0 0 1 0 0 2
Validated: 32769
Colour: ffff
EndChar
