StartChar: fiveeighths
Encoding: 8541 8541 1256
Width: 820
Flags: W
HStem: -18 21<178 225.922> -10 24<581.302 692.62> 270 24<113.989 214.868> 396 24<581.916 684.474> 468 21<81 88.5> 537 24<135.61 222.843> 625 50<98.6491 241.949> 680 20<74 97.5 270 297 594.078 642>
VStem: 54 44<305.798 376.374> 74 24<526 639> 262 72<345.05 503.143> 490 45<43.8807 163.643> 495 47<277.92 366.395> 729 44<262.923 367.437> 734 56<53.4153 149.799>
DStem2: 178 -18 214 -18 0.512031 0.858967<18.4331 835.888> 597 260 565 206 0.942103 -0.335325<-61.5522 105.258 108.501 169.357>
LayerCount: 3
Fore
Refer: 1208 8312 N 1 0 0 1 450 -280 2
Refer: 1205 8309 N 1 0 0 1 0 0 2
Refer: 1337 8725 N 1 0 0 1 130 0 2
Layer: 2
Refer: 1208 8312 N 1 0 0 1 450 -280 2
Refer: 1205 8309 N 1 0 0 1 0 0 2
Refer: 1337 8725 N 1 0 0 1 130 0 2
Colour: ffff
EndChar
