StartChar: fourinferior
Encoding: 8324 8324 1219
Width: 380
Flags: W
HStem: -158 24<126 197.797 262.203 334> -38 28<72 198 262 334> 234 20<197.424 262>
VStem: 198 64<-133.996 -38 -10 193>
DStem2: 44 -10 72 -10 0.532303 0.846554<14.9045 253.825>
LayerCount: 3
Fore
Refer: 1204 8308 N 1 0 0 1 0 -436 3
Layer: 2
Refer: 1204 8308 N 1 0 0 1 0 -436 3
Colour: ffff
EndChar
