StartChar: fraction
Encoding: 8260 8260 1175
Width: 82
Flags: W
TeX: 102 0
HStem: 710 20<163.578 210>
DStem2: -128 -198 -88 -198 0.305743 0.952114<12.2297 974.673>
LayerCount: 3
Fore
Refer: 15 47 N 1 0 0 1 -184 0 2
Validated: 1
Layer: 2
Refer: 15 47 N 1 0 0 1 -184 0 2
Validated: 32769
Colour: ffff
EndChar
