StartChar: kcommaaccent
Encoding: 311 311 246
Width: 520
GlyphClass: 2
LigCaretCntFixed: 1
Flags: W
TeX: 107 0
HStem: -238 21<212 244.5> -126 86<215.713 268.718> 0 24<28 100.812 175.188 228 278 329.689 439.744 490> 432 24<268 323.941 395.478 472> 688 24<28 100.812>
VStem: 102 72<24.0044 164 203 687.996> 277 37<-170.55 -87.5>
DStem2: 174 203 174 164 0.63466 0.772792<0 42.3318 117.617 254.073> 268 278 220 220 0.574946 -0.818192<19.8577 227.067>
LayerCount: 3
Fore
Refer: 1598 63171 N 1 0 0 1 42 0 2
Refer: 75 107 N 1 0 0 1 0 0 3
Validated: 1
Layer: 2
Refer: 1598 63171 N 1 0 0 1 42 0 2
Refer: 75 107 N 1 0 0 1 0 0 3
Validated: 32769
Ligature2: "'ccmp' Standard Composition Rules-1" k uni0327
Colour: ffff
EndChar
