StartChar: oneeighth
Encoding: 8539 8539 1254
Width: 820
Flags: W
HStem: -18 21<178 225.922> -10 24<571.302 682.62> 278 24<84 163.818 228.182 308> 396 24<571.916 674.474> 594 28<84 162.545> 670 20<202.5 228> 680 20<594.078 642>
VStem: 164 64<302.003 594> 206 22<662.81 690> 480 45<43.881 163.643> 485 47<277.92 366.395> 719 44<262.923 367.437> 724 56<53.415 149.799>
DStem2: 178 -18 214 -18 0.512031 0.858967<18.4331 835.888> 587 260 555 206 0.942103 -0.335325<-61.5522 105.258 108.501 169.357>
LayerCount: 3
Fore
Refer: 1208 8312 N 1 0 0 1 440 -280 2
Refer: 120 185 N 1 0 0 1 0 0 2
Refer: 1337 8725 N 1 0 0 1 130 0 2
Layer: 2
Refer: 1208 8312 N 1 0 0 1 440 -280 2
Refer: 120 185 N 1 0 0 1 0 0 2
Refer: 1337 8725 N 1 0 0 1 130 0 2
Colour: ffff
EndChar
