StartChar: onequarter
Encoding: 188 188 123
Width: 820
Flags: W
TeX: 111 0
HStem: -18 21<178 225.922> -2 24<566 637.797 702.203 774> 118 28<512 638 702 774> 278 24<84 163.818 228.182 308> 390 20<637.424 702> 594 28<84 162.545> 670 20<202.5 228> 680 20<594.078 642>
VStem: 164 64<302.003 594> 206 22<662.81 690> 638 64<22.004 118 146 349>
DStem2: 178 -18 214 -18 0.512031 0.858967<18.4331 835.888> 484 146 512 146 0.532303 0.846554<14.9045 253.825>
LayerCount: 3
Fore
Refer: 1204 8308 N 1 0 0 1 440 -280 2
Refer: 120 185 N 1 0 0 1 0 0 2
Refer: 1337 8725 N 1 0 0 1 130 0 2
Layer: 2
Refer: 1204 8308 N 1 0 0 1 440 -280 2
Refer: 120 185 N 1 0 0 1 0 0 2
Refer: 1337 8725 N 1 0 0 1 130 0 2
Colour: ffff
EndChar
