StartChar: onethird
Encoding: 8531 8531 1246
Width: 820
Flags: W
HStem: -18 21<178 225.922> -10 24<561.223 673.43> 62 66<544.708 596.984> 194 40<547.01 637.388> 208 18<597.189 670.089> 278 24<84 163.818 228.182 308> 395 25<575.306 671.365> 594 28<84 162.545> 670 20<202.5 228> 680 20<594.078 642>
VStem: 164 64<302.003 594> 206 22<662.81 690> 508 36<26.812 90> 518 44<314.5 382.698> 704 64<257.993 374.256> 714 72<47.763 170.217>
DStem2: 178 -18 214 -18 0.512031 0.858967<18.4331 835.888>
LayerCount: 3
Fore
Refer: 114 179 N 1 0 0 1 440 -280 2
Refer: 120 185 N 1 0 0 1 0 0 2
Refer: 1337 8725 N 1 0 0 1 130 0 2
Layer: 2
Refer: 114 179 N 1 0 0 1 440 -280 2
Refer: 120 185 N 1 0 0 1 0 0 2
Refer: 1337 8725 N 1 0 0 1 130 0 2
Colour: ffff
EndChar
