StartChar: oslashacute
Encoding: 511 511 358
Width: 496
VWidth: 959
Flags: W
HStem: -12 24<201.92 293.069> 444 24<202.931 294.08> 508 176
VStem: 48 88<125.643 335.918> 223 169 360 88<120.082 330.357>
DStem2: 48 6 70 -12 0.633238 0.773957<0 74.6517 152.751 444.181 522.28 596.932>
LayerCount: 3
Fore
Refer: 115 180 N 1 0 0 1 28 0 2
Refer: 183 248 N 1 0 0 1 0 0 3
Validated: 1
Layer: 2
Refer: 115 180 N 1 0 0 1 28 0 2
Refer: 183 248 N 1 0 0 1 0 0 3
Validated: 32769
Colour: ffff
EndChar
