StartChar: scaron
Encoding: 353 353 288
Width: 434
Flags: W
TeX: 115 0
HStem: -12 24<199.855 307.735> 438 20<332 352> 444 24<135.011 238.437> 508 64<154 258>
VStem: 52 48<328.801 418.727> 74 264 334 18<438 458> 346 46<38.0978 140.528>
DStem2: 188 291 168 213 0.92735 -0.374194<-96.3656 205.076>
LayerCount: 3
Fore
Refer: 407 711 N 1 0 0 1 -14 0 2
Refer: 83 115 N 1 0 0 1 0 0 3
Layer: 2
Refer: 407 711 N 1 0 0 1 -14 0 2
Refer: 83 115 N 1 0 0 1 0 0 3
Validated: 32769
Colour: ffff
EndChar
