StartChar: scommaaccent
Encoding: 537 537 384
Width: 434
Flags: W
HStem: -238 21<186 218.5> -126 86<189.713 242.718> -12 24<199.855 307.735> 438 20<332 352> 444 24<135.011 238.437>
VStem: 52 48<328.801 418.727> 251 37<-170.55 -87.5> 334 18<438 458> 346 46<38.0978 140.528>
DStem2: 188 291 168 213 0.92735 -0.374194<-96.3656 205.076>
LayerCount: 3
Fore
Refer: 1598 63171 N 1 0 0 1 16 0 2
Refer: 83 115 N 1 0 0 1 0 0 3
Layer: 2
Refer: 1598 63171 N 1 0 0 1 16 0 2
Refer: 83 115 N 1 0 0 1 0 0 3
Validated: 32769
Colour: ffff
EndChar
