StartChar: seveneighths
Encoding: 8542 8542 1257
Width: 820
Flags: W
HStem: -18 21<178 225.922> -10 24<581.302 692.62> 396 24<581.916 684.474> 628 56<84.2492 279.994> 680 20<594.078 642>
VStem: 133 86<268.893 398.229> 280 34<591.08 627.915> 490 45<43.8807 163.643> 495 47<277.92 366.395> 729 44<262.923 367.437> 734 56<53.4153 149.799>
DStem2: 178 -18 214 -18 0.512031 0.858967<18.4331 835.888> 200 473 234 488 0.594391 0.804176<-18.8176 139.725> 597 260 565 206 0.942103 -0.335325<-61.5522 105.258 108.501 169.357>
LayerCount: 3
Fore
Refer: 1208 8312 N 1 0 0 1 450 -280 2
Refer: 1207 8311 N 1 0 0 1 0 0 2
Refer: 1337 8725 N 1 0 0 1 130 0 2
Layer: 2
Refer: 1208 8312 N 1 0 0 1 450 -280 2
Refer: 1207 8311 N 1 0 0 1 0 0 2
Refer: 1337 8725 N 1 0 0 1 130 0 2
Colour: ffff
EndChar
