StartChar: seven.dnom
Encoding: 65621 -1 1702
Width: 380
VWidth: 781
Flags: W
HStem: 348 56<84.2492 279.994>
VStem: 133 86<-11.1073 118.229> 280 34<311.08 347.915>
DStem2: 200 193 234 208 0.594391 0.804176<-18.8176 139.725>
LayerCount: 3
Fore
Refer: 1207 8311 N 1 0 0 1 0 -280 3
Layer: 2
Refer: 1207 8311 N 1 0 0 1 0 -280 3
Colour: ffff
EndChar
