StartChar: seveninferior
Encoding: 8327 8327 1222
Width: 380
VWidth: 781
Flags: W
HStem: 192 56<84.2492 279.994>
VStem: 133 86<-167.107 -37.7708> 280 34<155.08 191.915>
DStem2: 200 37 234 52 0.594391 0.804176<-18.8176 139.725>
LayerCount: 3
Fore
Refer: 1207 8311 N 1 0 0 1 0 -436 3
Layer: 2
Refer: 1207 8311 N 1 0 0 1 0 -436 3
Colour: ffff
EndChar
