StartChar: threeeighths
Encoding: 8540 8540 1255
Width: 820
Flags: W
HStem: -18 21<178 225.922> -10 24<571.302 682.62> 270 24<121.223 233.43> 342 66<104.708 156.984> 396 24<571.916 674.474> 474 40<107.01 197.388> 488 18<157.189 230.089> 675 25<135.306 231.365> 680 20<594.078 642>
VStem: 68 36<306.812 370> 78 44<594.5 662.698> 264 64<537.993 654.256> 274 72<327.763 450.217> 480 45<43.8807 163.643> 485 47<277.92 366.395> 719 44<262.923 367.437> 724 56<53.4153 149.799>
DStem2: 178 -18 214 -18 0.512031 0.858967<18.4331 835.888> 587 260 555 206 0.942103 -0.335325<-61.5522 105.258 108.501 169.357>
LayerCount: 3
Fore
Refer: 1208 8312 N 1 0 0 1 440 -280 2
Refer: 114 179 N 1 0 0 1 0 0 2
Refer: 1337 8725 N 1 0 0 1 130 0 2
Layer: 2
Refer: 1208 8312 N 1 0 0 1 440 -280 2
Refer: 114 179 N 1 0 0 1 0 0 2
Refer: 1337 8725 N 1 0 0 1 130 0 2
Colour: ffff
EndChar
