StartChar: threequarters
Encoding: 190 190 125
Width: 820
Flags: W
TeX: 116 0
HStem: -18 21<178 225.922> -2 24<566 637.797 702.203 774> 118 28<512 638 702 774> 270 24<121.223 233.43> 342 66<104.708 156.984> 390 20<637.424 702> 474 40<107.01 197.388> 488 18<157.189 230.089> 675 25<135.306 231.365> 680 20<594.078 642>
VStem: 68 36<306.812 370> 78 44<594.5 662.698> 264 64<537.993 654.256> 274 72<327.763 450.217> 638 64<22.004 118 146 349>
DStem2: 178 -18 214 -18 0.512031 0.858967<18.4331 835.888> 484 146 512 146 0.532303 0.846554<14.9045 253.825>
LayerCount: 3
Fore
Refer: 1204 8308 N 1 0 0 1 440 -280 2
Refer: 114 179 N 1 0 0 1 0 0 2
Refer: 1337 8725 N 1 0 0 1 130 0 2
Layer: 2
Refer: 1204 8308 N 1 0 0 1 440 -280 2
Refer: 114 179 N 1 0 0 1 0 0 2
Refer: 1337 8725 N 1 0 0 1 130 0 2
Colour: ffff
EndChar
