StartChar: twodotenleader
Encoding: 8229 8229 1151
Width: 560
Flags: W
HStem: -12 124<91.5898 188.41 371.59 468.41>
VStem: 78 124<1.58984 98.4102> 358 124<1.58984 98.4102>
LayerCount: 3
Fore
Refer: 14 46 N 1 0 0 1 0 0 2
Refer: 14 46 N 1 0 0 1 280 0 2
Layer: 2
Refer: 14 46 N 1 0 0 1 0 0 2
Refer: 14 46 N 1 0 0 1 280 0 2
Colour: ffff
EndChar
