StartChar: twothirds
Encoding: 8532 8532 1247
Width: 820
Flags: W
HStem: -18 21<178 225.922> -10 24<561.223 673.43> 62 66<544.708 596.984> 194 40<547.01 637.388> 208 18<597.189 670.089> 280 56<108.007 297.407> 395 25<575.306 671.365> 522 63<85.4405 145.497> 676 24<121.406 212.523> 680 20<594.078 642>
VStem: 52 32<588.588 644.952> 60 48<336 359.775> 256 72<523.175 645.885> 508 36<26.812 90> 518 44<314.5 382.698> 704 64<257.993 374.256> 714 72<47.763 170.217>
DStem2: 178 -18 214 -18 0.512031 0.858967<18.4331 835.888>
LayerCount: 3
Fore
Refer: 114 179 N 1 0 0 1 440 -280 2
Refer: 113 178 N 1 0 0 1 0 0 2
Refer: 1337 8725 N 1 0 0 1 130 0 2
Layer: 2
Refer: 114 179 N 1 0 0 1 440 -280 2
Refer: 113 178 N 1 0 0 1 0 0 2
Refer: 1337 8725 N 1 0 0 1 130 0 2
Colour: ffff
EndChar
