StartChar: uni01F2
Encoding: 498 498 347
Width: 1220
Flags: W
HStem: 0 24<903 1080.67> 0 32<62 159.643 254.357 492.382> 432 24<906.927 1080> 680 32<62 159.643 254.357 495.957>
VStem: 161 92<32.2373 679.787> 624 106<227.72 497.702> 820 20<280 328.633> 1148 20<127.367 176>
DStem2: 820 26 903 24 0.539289 0.842121<43.0768 482.116>
LayerCount: 3
Fore
Refer: 90 122 N 1 0 0 1 780 0 2
Refer: 36 68 N 1 0 0 1 0 0 2
Validated: 1
Layer: 2
Refer: 90 122 N 1 0 0 1 780 0 2
Refer: 36 68 N 1 0 0 1 0 0 2
Validated: 32769
Colour: ffff
EndChar
