StartChar: uni01CB
Encoding: 459 459 336
Width: 1090
Flags: W
HStem: -238 24<796.126 872.744> -18 21<585.343 638> 0 32<62 138.252 224.171 300> 432 24<822 914.812> 580 104<903.236 988.764> 680 32<62 159.231 500 575.445 661.788 738>
VStem: 161 40<50.7454 603> 598 40<154 660.021> 732 54<-203.633 -126> 894 104<589.236 674.764> 916 72<-151.149 431.996>
DStem2: 251 712 205 603 0.534761 -0.845004<67.5064 657.074>
LayerCount: 3
Fore
Refer: 1597 63166 N 1 0 0 1 770 0 2
Refer: 409 729 N 1 0 0 1 726 36 2
Refer: 46 78 N 1 0 0 1 0 0 2
Validated: 32769
Layer: 2
Refer: 1597 63166 N 1 0 0 1 770 0 2
Refer: 409 729 N 1 0 0 1 726 36 2
Refer: 46 78 N 1 0 0 1 0 0 2
Validated: 32769
Colour: ffff
EndChar
