StartChar: uni01C6
Encoding: 454 454 331
Width: 962
Flags: W
HStem: -12 28<193.389 275.911> 0 24<417.188 490 645 822.666> 432 24<648.927 822> 440 28<193.389 276.045> 508 64<690 794> 688 24<250 342.812>
VStem: 48 88<113.516 342.484> 344 72<24 74 82.5417 373.458 382 687.996> 562 20<280 328.633> 610 264 890 20<127.367 176>
DStem2: 562 26 645 24 0.539289 0.842121<43.0768 482.116>
LayerCount: 3
Fore
Refer: 90 122 N 1 0 0 1 522 0 2
Refer: 407 711 N 1 0 0 1 522 0 2
Refer: 68 100 N 1 0 0 1 0 0 2
Layer: 2
Refer: 90 122 N 1 0 0 1 522 0 2
Refer: 407 711 N 1 0 0 1 522 0 2
Refer: 68 100 N 1 0 0 1 0 0 2
Validated: 32769
Colour: ffff
EndChar
