StartChar: uni0327.cap
Encoding: 65573 -1 1654
Width: 0
VWidth: 959
GlyphClass: 4
Flags: W
HStem: -238 24<-276.308 -197.544> -112 56<-261 -189.37> -20 20<-280.571 -251>
VStem: -352 59<-206.291 -139.688> -180 44<-201.286 -121.954>
DStem2: -277 0 -261 -56 0.175791 0.984428<-52.3153 0>
AnchorPoint: "Bottom" -262 0 mark 0
LayerCount: 3
Fore
Refer: 1593 61426 N 1 0 0 1 -482 0 2
Validated: 32769
Layer: 2
Refer: 1593 61426 N 1 0 0 1 -482 0 2
Validated: 32769
Colour: ffff
EndChar
