StartChar: uni045D
Encoding: 1117 1117 683
Width: 538
Flags: W
HStem: 0 24<38 100.812 175.188 238 300 362.812 437.188 500> 432 24<38 100.812 175.188 238 300 362.812 437.188 500> 508 176
VStem: 102 72<24.0044 72 116 431.996> 124 169 364 72<24.0044 340 384 431.996>
DStem2: 174 116 174 72 0.578355 0.815785<0 292.623>
LayerCount: 3
Fore
Refer: 64 96 N 1 0 0 1 48 0 2
Refer: 646 1080 N 1 0 0 1 0 0 2
Layer: 2
Refer: 64 96 N 1 0 0 1 48 0 2
Refer: 646 1080 N 1 0 0 1 0 0 2
Validated: 32769
Colour: ffff
EndChar
