StartChar: uni040D
Encoding: 1037 1037 603
Width: 770
VWidth: 1039
Flags: W
HStem: 0 32<62 159.643 254.357 352 438 535.643 630.483 728> 680 32<62 159.643 254.357 352 438 535.643 630.483 728> 762 176
VStem: 161 92<32.2373 92 150 679.787> 248 169 537 92<32.323 562 620 679.709>
DStem2: 253 150 253 92 0.517171 0.855882<0 499.5>
LayerCount: 3
Fore
Refer: 1603 63182 N 1 0 0 1 172 0 2
Refer: 614 1048 N 1 0 0 1 0 0 2
Layer: 2
Refer: 1603 63182 N 1 0 0 1 172 0 2
Refer: 614 1048 N 1 0 0 1 0 0 2
Validated: 32769
Colour: ffff
EndChar
