StartChar: uni0232
Encoding: 562 562 393
Width: 728
VWidth: 1039
Flags: W
TeX: 117 0
HStem: 0 32<224 345.517 440.483 562> 680 32<42 132.662 259.343 352 454 523.906 625.89 702> 822 40<256 528>
VStem: 256 272<822 862> 347 92<32.323 318>
DStem2: 420 366 347 318 0.520798 -0.85368<-331.362 0> 420 366 439 335 0.465344 0.88513<0 282.134>
LayerCount: 3
Fore
Refer: 1605 63184 N 1 0 0 1 172 0 2
Refer: 57 89 N 1 0 0 1 0 0 3
Layer: 2
Refer: 1605 63184 N 1 0 0 1 172 0 2
Refer: 57 89 N 1 0 0 1 0 0 3
Validated: 32769
Colour: ffff
EndChar
