StartChar: uni01F1
Encoding: 497 497 346
Width: 1432
Flags: W
HStem: 0 32<62 159.643 254.357 492.382 958 1219.88> 456 21<868 893> 680 32<62 159.643 254.357 495.957 1016.88 1262>
VStem: 161 92<32.2373 679.787> 624 106<227.72 497.702> 868 25<456 503.908> 1361 25<247.712 302>
DStem2: 848 32 958 32 0.538389 0.842696<59.2228 768.96>
LayerCount: 3
Fore
Refer: 58 90 N 1 0 0 1 780 0 2
Refer: 36 68 N 1 0 0 1 0 0 2
Validated: 32769
Layer: 2
Refer: 58 90 N 1 0 0 1 780 0 2
Refer: 36 68 N 1 0 0 1 0 0 2
Validated: 32769
Colour: ffff
EndChar
