StartChar: uni0477
Encoding: 1143 1143 709
Width: 538
VWidth: 0
HStem: -12 21<255.621 288.531> 432 24<18 77.875 178.034 234> 433 35<426.202 487.499> 508 176
VStem: 90 305 464 66<397.747 432.733>
DStem2: 180 372 96 389 0.386411 -0.922327<-29.4495 288.231> 291 106 282 -12 0.310402 0.950605<0 354.781>
LayerCount: 3
Fore
Refer: 1611 63190 N 1 0 0 1 82 0 2
Refer: 707 1141 N 1 0 0 1 0 0 3
Validated: 32769
Layer: 2
Refer: 707 1141 N 1 0 0 1 0 0 2
Refer: 1611 63190 N 1 0 0 1 82 0 2
Validated: 32769
Colour: ffff
EndChar
