StartChar: uni01CA
Encoding: 458 458 335
Width: 1310
Flags: W
HStem: -18 21<585.343 638> -18 32<911.932 1036.02> 0 32<62 138.252 224.171 300> 116 102<877.086 944.812> 680 32<62 159.231 500 575.445 661.788 738 988 1085.64 1180.36 1278>
VStem: 161 40<50.7454 603> 598 40<154 660.021> 814 60<49.8562 157> 1087 92<93.8442 679.787>
DStem2: 251 712 205 603 0.534761 -0.845004<67.5064 657.074>
LayerCount: 3
Fore
Refer: 42 74 N 1 0 0 1 770 0 2
Refer: 46 78 N 1 0 0 1 0 0 2
Validated: 32769
Layer: 2
Refer: 42 74 N 1 0 0 1 770 0 2
Refer: 46 78 N 1 0 0 1 0 0 2
Validated: 32769
Colour: ffff
EndChar
