StartChar: uni0476
Encoding: 1142 1142 708
Width: 790
VWidth: 0
Flags: W
HStem: -18 21<391.875 430.237> 680 32<44 150.386 259.283 364> 690 40<654.064 745.498> 762 176
VStem: 252 305 712 92<609 689.679>
DStem2: 263 626 166 636 0.335606 -0.942002<-27.0077 511.769> 435 144 424 -18 0.297722 0.954653<0 574.376>
LayerCount: 3
Fore
Refer: 1608 63187 N 1 0 0 1 244 0 2
Refer: 706 1140 N 1 0 0 1 0 0 3
Validated: 32769
Layer: 2
Refer: 706 1140 N 1 0 0 1 0 0 2
Refer: 1608 63187 N 1 0 0 1 244 0 2
Validated: 32769
Colour: ffff
EndChar
