StartChar: uni1E1C
Encoding: 7708 7708 772
Width: 690
VWidth: 0
HStem: -238 24<353.692 432.456> -112 56<369 440.63> 0 32<62 159.643 254.357 353 379 504.105> 352 32<253 375.085> 462 21<593.545 624> 680 32<62 159.643 254.357 505.846> 762 46<299.443 436.557>
VStem: 161 92<32.2373 352 384 679.787> 217 28<879.508 916> 278 59<-206.291 -139.688> 426 26<189 272.767 463.233 547> 450 44<-201.286 -121.954> 491 28<879.508 916> 599 25<462 543.638> 607 25<199.978 276>
DStem2: 353 0 369 -56 0.175791 0.984428<-52.3153 0>
LayerCount: 3
Fore
Refer: 1591 61422 N 1 0 0 1 148 0 2
Refer: 391 552 N 1 0 0 1 0 0 3
Layer: 2
Refer: 1591 61422 N 1 0 0 1 148 0 2
Refer: 391 552 N 1 0 0 1 0 0 2
Colour: ffff
EndChar
