StartChar: uni1E94
Encoding: 7828 7828 892
Width: 652
VWidth: 0
HStem: -166 40<230 490> 0 32<178 439.882> 456 21<88 113> 680 32<236.884 482>
VStem: 88 25<456 503.908> 230 260<-166 -126> 581 25<247.712 302>
DStem2: 68 32 178 32 0.538389 0.842696<59.2228 768.96>
LayerCount: 3
Fore
Refer: 110 175 N 1 0 0 1 140 -738 2
Refer: 58 90 N 1 0 0 1 0 0 3
Layer: 2
Refer: 110 175 N 1 0 0 1 140 -738 2
Refer: 58 90 N 1 0 0 1 0 0 2
Colour: ffff
EndChar
