StartChar: uni1E4A
Encoding: 7754 7754 818
Width: 770
VWidth: 0
HStem: -138 72<360 472> -18 21<585.343 638> 0 32<62 138.252 224.171 300> 680 32<62 159.231 500 575.445 661.788 738>
VStem: 161 40<50.7454 603> 285 262 598 40<154 660.021>
DStem2: 251 712 205 603 0.534761 -0.845004<67.5064 657.074>
LayerCount: 3
Fore
Refer: 406 710 N 1 0 0 1 196 -738 2
Refer: 46 78 N 1 0 0 1 0 0 3
Layer: 2
Refer: 406 710 N 1 0 0 1 196 -738 2
Refer: 46 78 N 1 0 0 1 0 0 2
Colour: ffff
EndChar
