StartChar: uni1E87
Encoding: 7815 7815 879
Width: 776
VWidth: 0
HStem: -12 21<255.636 288.341 498.683 531.065> 432 24<18 76 178.184 234 290 342.319 441.022 506 570 622.643 693.076 752> 544 104<345.236 430.764>
VStem: 336 104<553.236 638.764> 367 70<328.594 416.665>
DStem2: 292 105 103 373 0.385806 -0.92258<-324.804 0> 292 105 282 -12 0.302244 0.953231<0 229.273> 442 375 386 316 0.343582 -0.939123<36.1677 286.547> 538 105 524 -12 0.333076 0.9429<0 301.831>
LayerCount: 3
Fore
Refer: 409 729 N 1 0 0 1 168 0 2
Refer: 87 119 N 1 0 0 1 0 0 3
Layer: 2
Refer: 409 729 N 1 0 0 1 168 0 2
Refer: 87 119 N 1 0 0 1 0 0 2
Colour: ffff
EndChar
