StartChar: uni1E69
Encoding: 7785 7785 849
Width: 434
VWidth: 0
HStem: -194 104<181.236 266.764> -12 24<199.855 307.735> 438 20<332 352> 444 24<135.011 238.437> 544 104<163.236 248.764>
VStem: 52 48<328.801 418.727> 154 104<553.236 638.764> 172 104<-184.764 -99.236> 334 18<438 458> 346 46<38.0978 140.528>
DStem2: 188 291 168 213 0.92735 -0.374194<-96.3656 205.076>
LayerCount: 3
Fore
Refer: 409 729 N 1 0 0 1 4 -738 2
Refer: 83 115 N 1 0 0 1 0 0 3
Refer: 409 729 N 1 0 0 1 -14 0 2
Layer: 2
Refer: 409 729 N 1 0 0 1 4 -738 2
Refer: 83 115 N 1 0 0 1 0 0 2
Refer: 409 729 N 1 0 0 1 -14 0 2
Colour: ffff
EndChar
