StartChar: uni1F8C
Encoding: 8076 8076 1021
Width: 814
VWidth: 1039
Flags: W
HStem: -282 198<409 443> 0 32<96 180.962 272.043 370 482 580.344 693.17 792> 212 32<309 521> 646 84<15.7142 89.8447> 692 20<426.916 465.824>
VStem: 90 30<572.808 644.971> 186 80<653.88 719.997> 382 88<-275.095 -128> 408 36<-140.545 -84.0124>
DStem2: 219 105 274 145 0.333876 0.942617<-2.5226 127.236 161.073 484.629> 459 712 417 549 0.322916 -0.946428<140.705 462.949 496.787 659.683>
LayerCount: 3
Fore
Refer: 479 890 N 1 0 0 1 206 0 2
Refer: 1081 8142 N 1 0 0 1 0 0 2
Refer: 33 65 N 1 0 0 1 50 0 2
Layer: 2
Refer: 479 890 N 1 0 0 1 206 0 2
Refer: 1081 8142 N 1 0 0 1 0 0 2
Refer: 33 65 N 1 0 0 1 50 0 2
AlternateSubs2: "'aalt' Access All Alternates in Latin lookup 0 subtable" uni1FBC
Substitution2: "'case' Case-Sensitive Forms for Greek-1" uni1FBC
Colour: ffff
EndChar
