StartChar: uni1E7C
Encoding: 7804 7804 868
Width: 772
VWidth: 0
HStem: -18 21<391.875 430.496> 680 32<44 150.386 266.33 364 478 570.593 663.716 748> 812 52<426.399 545.117> 850 52<294.883 413.601>
VStem: 264 20<809.3 831.721> 556 20<882.279 904.7>
DStem2: 439 152 399 -18 0.335606 -0.942002<-532.291 0> 439 152 424 -18 0.308914 0.95109<0 495.484>
LayerCount: 3
Fore
Refer: 1595 61429 N 1 0 0 1 200 0 2
Refer: 54 86 N 1 0 0 1 0 0 3
Layer: 2
Refer: 1595 61429 N 1 0 0 1 200 0 2
Refer: 54 86 N 1 0 0 1 0 0 2
Colour: ffff
EndChar
