StartChar: uni1E00
Encoding: 7680 7680 744
Width: 764
VWidth: 0
HStem: -238 24<355.89 436.11> -66 24<355.89 436.11> 0 32<46 130.962 222.043 320 432 530.344 643.17 742> 212 32<259 471> 692 20<376.916 415.824>
VStem: 298 24<-180.11 -99.89> 470 24<-180.11 -99.89>
DStem2: 169 105 224 145 0.333876 0.942617<-2.5226 127.236 161.073 484.629> 409 712 367 549 0.322916 -0.946428<140.705 462.949 496.787 659.683>
LayerCount: 3
Fore
Refer: 410 730 N 1 0 0 1 176 -738 2
Refer: 33 65 N 1 0 0 1 0 0 3
Layer: 2
Refer: 410 730 N 1 0 0 1 176 -738 2
Refer: 33 65 N 1 0 0 1 0 0 2
Colour: ffff
EndChar
