StartChar: uni1E99
Encoding: 7833 7833 897
Width: 530
VWidth: 0
HStem: -238 32<124.099 186.506> 432 24<18 84.8576 184.184 244 324 374.828 447.076 506> 500 24<235.89 316.11> 672 24<235.89 316.11>
VStem: 42 82<-205.7 -126.379> 178 24<557.89 638.11> 350 24<557.89 638.11>
DStem2: 290 68 110 373 0.325144 -0.945665<-357.022 0> 225 -127 253 -139 0.299972 0.953948<-64.3578 91.0927 205.518 543.377>
LayerCount: 3
Fore
Refer: 410 730 N 1 0 0 1 56 0 2
Refer: 89 121 N 1 0 0 1 0 0 3
Layer: 2
Refer: 410 730 N 1 0 0 1 56 0 2
Refer: 89 121 N 1 0 0 1 0 0 2
Colour: ffff
EndChar
