StartChar: uni1F8E
Encoding: 8078 8078 1023
Width: 806
VWidth: 1039
Flags: W
HStem: -282 198<401 435> 0 32<88 172.962 264.043 362 474 572.344 685.17 784> 212 32<301 513> 613 86<53.0677 149.886> 692 20<418.916 457.824> 724 18<170.629 246.786> 816 18<-10.7862 65.3711>
VStem: -54 40<754 811.033> 154 28<545.557 614.839> 250 40<746.967 804> 374 88<-275.095 -128> 400 36<-140.545 -84.0124>
DStem2: 211 105 266 145 0.333876 0.942617<-2.5226 127.236 161.073 484.629> 451 712 409 549 0.322916 -0.946428<140.705 462.949 496.787 659.683>
LayerCount: 3
Fore
Refer: 479 890 N 1 0 0 1 198 0 2
Refer: 1082 8143 N 1 0 0 1 0 0 2
Refer: 33 65 N 1 0 0 1 42 0 2
Layer: 2
Refer: 479 890 N 1 0 0 1 198 0 2
Refer: 1082 8143 N 1 0 0 1 0 0 2
Refer: 33 65 N 1 0 0 1 42 0 2
AlternateSubs2: "'aalt' Access All Alternates in Latin lookup 0 subtable" uni1FBC
Substitution2: "'case' Case-Sensitive Forms for Greek-1" uni1FBC
Colour: ffff
EndChar
