StartChar: uni1E33
Encoding: 7731 7731 795
Width: 520
VWidth: 0
HStem: -194 104<239.236 324.764> 0 24<28 100.812 175.188 228 278 329.689 439.744 490> 432 24<268 323.941 395.478 472> 688 24<28 100.812>
VStem: 102 72<24.0044 164 203 687.996> 230 104<-184.764 -99.2363>
DStem2: 174 203 174 164 0.63466 0.772792<0 42.3318 117.617 254.073> 268 278 220 220 0.574946 -0.818192<19.8577 227.067>
LayerCount: 3
Fore
Refer: 409 729 N 1 0 0 1 62 -738 2
Refer: 75 107 N 1 0 0 1 0 0 3
Layer: 2
Refer: 409 729 N 1 0 0 1 62 -738 2
Refer: 75 107 N 1 0 0 1 0 0 2
Colour: ffff
EndChar
