StartChar: uni1E35
Encoding: 7733 7733 797
Width: 520
VWidth: 0
HStem: -166 40<152 412> 0 24<28 100.812 175.188 228 278 329.689 439.744 490> 432 24<268 323.941 395.478 472> 688 24<28 100.812>
VStem: 102 72<24.0044 164 203 687.996> 152 260<-166 -126>
DStem2: 174 203 174 164 0.63466 0.772792<0 42.3318 117.617 254.073> 268 278 220 220 0.574946 -0.818192<19.8577 227.067>
LayerCount: 3
Fore
Refer: 110 175 N 1 0 0 1 62 -738 2
Refer: 75 107 N 1 0 0 1 0 0 3
Layer: 2
Refer: 110 175 N 1 0 0 1 62 -738 2
Refer: 75 107 N 1 0 0 1 0 0 2
Colour: ffff
EndChar
