StartChar: uni1E1D
Encoding: 7709 7709 773
Width: 460
VWidth: 0
HStem: -212 18<230.746 291.613> -98 48<244 304.578> -12 24<212.188 227 250 308.511> 230 24<136 330> 444 24<200.971 276.331> 526 40<171.289 308.711>
VStem: 48 88<107.41 230 254 333.682> 102 22<629.607 666> 164 51<-189.557 -122.451> 312 38<-179.144 -107.929> 330 86<254 360.236> 356 22<629.607 666> 396 24<110.511 156>
DStem2: 227 -11 244 -50 0.158876 0.987299<-35.8038 0>
LayerCount: 3
Fore
Refer: 408 728 N 1 0 0 1 20 0 2
Refer: 392 553 N 1 0 0 1 0 0 3
Layer: 2
Refer: 408 728 N 1 0 0 1 20 0 2
Refer: 392 553 N 1 0 0 1 0 0 2
Colour: ffff
EndChar
