StartChar: uni1E9A
Encoding: 7834 7834 898
Width: 494
VWidth: 0
Flags: W
HStem: -12 36<148.286 235.423 387.82 435.246> 444 24<164.212 268.927> 500 28<359 406.672> 690 28<359 406.672>
VStem: 46 84<38.0659 179.664> 78 47<327 414.576> 308 72<32.0085 84 99.0637 245 266 402.788> 443 32<560.388 657.612> 458 18<65.7282 130>
DStem2: 216 249 221 226 0.983353 0.181707<-49.1725 89.7416>
LayerCount: 3
Fore
Refer: 404 702 N 1 0 0 1 317 0 2
Refer: 65 97 N 1 0 0 1 0 0 3
Layer: 2
Refer: 404 702 N 1 0 0 1 317 0 2
Refer: 65 97 N 1 0 0 1 0 0 2
Colour: ffff
EndChar
