StartChar: uni1E68
Encoding: 7784 7784 848
Width: 620
VWidth: 0
HStem: -194 104<281.236 366.764> -18 32<286.14 433.502> -10 21<94.557 120> 692 20<491.778 518.769> 698 32<213.669 345.429> 798 104<263.236 348.764>
VStem: 88 24<243.566 306> 90 60<492.586 639.44> 95 23<-10 30> 254 104<807.236 892.764> 272 104<-184.764 -99.2363> 494 24<676 712> 504 24<452 491.805> 508 60<92.5018 217.038>
DStem2: 241 447 244 338 0.928808 -0.370561<-71.9166 306.93>
LayerCount: 3
Fore
Refer: 409 729 N 1 0 0 1 104 -738 2
Refer: 51 83 N 1 0 0 1 0 0 3
Refer: 1590 61421 N 1 0 0 1 86 0 2
Layer: 2
Refer: 409 729 N 1 0 0 1 104 -738 2
Refer: 51 83 N 1 0 0 1 0 0 2
Refer: 1590 61421 N 1 0 0 1 86 0 2
Colour: ffff
EndChar
