StartChar: uni1E91
Encoding: 7825 7825 889
Width: 440
VWidth: 0
HStem: 0 24<123 300.666> 432 24<126.927 300> 600 72<164 276>
VStem: 40 20<280 328.633> 89 262 368 20<127.367 176>
DStem2: 40 26 123 24 0.539289 0.842121<43.0768 482.116>
LayerCount: 3
Fore
Refer: 406 710 N 1 0 0 1 0 0 2
Refer: 90 122 N 1 0 0 1 0 0 3
Layer: 2
Refer: 406 710 N 1 0 0 1 0 0 2
Refer: 90 122 N 1 0 0 1 0 0 2
Colour: ffff
EndChar
