StartChar: uni1E92
Encoding: 7826 7826 890
Width: 652
VWidth: 0
HStem: -194 104<317.236 402.764> 0 32<178 439.882> 456 21<88 113> 680 32<236.884 482>
VStem: 88 25<456 503.908> 308 104<-184.764 -99.2363> 581 25<247.712 302>
DStem2: 68 32 178 32 0.538389 0.842696<59.2228 768.96>
LayerCount: 3
Fore
Refer: 409 729 N 1 0 0 1 140 -738 2
Refer: 58 90 N 1 0 0 1 0 0 3
Layer: 2
Refer: 409 729 N 1 0 0 1 140 -738 2
Refer: 58 90 N 1 0 0 1 0 0 2
Colour: ffff
EndChar
