StartChar: uni1E8D
Encoding: 7821 7821 885
Width: 520
VWidth: 0
HStem: 0 24<34 95.9171 160.691 200 274 326.163 420.386 482> 432 24<38 94.4582 193.156 236 294 339.078 403.512 468> 548 96<126.332 205.668 314.332 393.668>
VStem: 118 96<556.332 635.668> 306 96<556.332 635.668>
DStem2: 133 79 172 89 0.559806 0.828624<-6.88357 151.876 240.739 390.13> 267 279 224 215 0.530874 -0.847451<-152.208 0 29.6803 31.4092 61.0895 233.342>
LayerCount: 3
Fore
Refer: 103 168 N 1 0 0 1 40 0 2
Refer: 88 120 N 1 0 0 1 0 0 3
Layer: 2
Refer: 103 168 N 1 0 0 1 40 0 2
Refer: 88 120 N 1 0 0 1 0 0 2
Colour: ffff
EndChar
