StartChar: uni1F04
Encoding: 7940 7940 906
Width: 552
Flags: W
HStem: -12 76<415.615 499.133> -10 56<118.952 225.657> 392 76<182.05 289.746> 436 20<408 500> 646 84<189.714 263.845>
VStem: 52 28<85.786 235.84> 264 30<572.808 644.971> 360 80<653.88 719.997>
DStem2: 311 205 355 150 0.428213 0.903678<-165.776 -30.8609 -15.1141 67.1785 105.166 105.166>
LayerCount: 3
Fore
Refer: 1081 8142 N 1 0 0 1 174 0 2
Refer: 525 945 N 1 0 0 1 0 0 3
Validated: 32769
Layer: 2
Refer: 1081 8142 N 1 0 0 1 174 0 2
Refer: 525 945 N 1 0 0 1 0 0 3
Validated: 32769
Colour: ffff
EndChar
