StartChar: uni1E08
Encoding: 7688 7688 752
Width: 670
VWidth: 0
HStem: -238 24<343.692 422.456> -112 56<359 430.63> -17 31<292.441 340 366 438.52> 698 32<283.149 407.134> 702 20<558.214 590.258> 762 176
VStem: 70 106<213.672 510.125> 268 59<-206.291 -139.688> 333 169 440 44<-201.286 -121.954> 566 28<412 465.036> 570 36<164.753 259>
DStem2: 340 -17 359 -56 0.176149 0.984363<-35.0433 0>
LayerCount: 3
Fore
Refer: 1600 63177 N 1 0 0 1 138 0 2
Refer: 134 199 N 1 0 0 1 0 0 3
Layer: 2
Refer: 1600 63177 N 1 0 0 1 138 0 2
Refer: 134 199 N 1 0 0 1 0 0 2
Colour: ffff
EndChar
