StartChar: uni1FBA
Encoding: 8122 8122 1066
Width: 772
Flags: W
HStem: 0 32<54 138.962 230.043 328 440 538.344 651.17 750> 212 32<267 479> 508 222 692 20<384.916 423.824>
VStem: 66 80<653.88 719.997>
DStem2: 177 105 232 145 0.333876 0.942617<-2.5226 127.236 161.073 484.629> 417 712 375 549 0.322916 -0.946428<140.705 462.949 496.787 659.683>
LayerCount: 3
Fore
Refer: 33 65 N 1 0 0 1 8 0 2
Refer: 1106 8175 N 1 0 0 1 46 0 2
Layer: 2
Refer: 33 65 N 1 0 0 1 8 0 2
Refer: 1106 8175 N 1 0 0 1 46 0 2
Colour: ffff
EndChar
