StartChar: uni1FB0
Encoding: 8112 8112 1057
Width: 552
Flags: W
HStem: -12 76<415.615 499.133> -10 56<118.952 225.657> 392 76<182.05 289.746> 436 20<408 500> 526 40<223.289 360.711>
VStem: 52 28<85.786 235.84> 154 22<629.607 666> 408 22<629.607 666>
DStem2: 311 205 355 150 0.428213 0.903678<-165.776 -30.8609 -15.1141 67.1785 105.166 105.166>
AnchorPoint: "GreekTopSunken" 292 632 basechar 0
AnchorPoint: "GreekTop" 292 680 basechar 0
LayerCount: 3
Fore
Refer: 408 728 N 1 0 0 1 72 0 2
Refer: 525 945 N 1 0 0 1 0 0 3
Validated: 49153
Layer: 2
Refer: 408 728 N 1 0 0 1 72 0 2
Refer: 525 945 N 1 0 0 1 0 0 3
Validated: 32769
Colour: ffff
EndChar
