StartChar: uni1E61
Encoding: 7777 7777 841
Width: 434
VWidth: 0
HStem: -12 24<199.855 307.735> 438 20<332 352> 444 24<135.011 238.437> 543 104<163.236 248.764>
VStem: 52 48<328.801 418.727> 154 104<552.236 637.764> 334 18<438 458> 346 46<38.0978 140.528>
DStem2: 188 291 168 213 0.92735 -0.374194<-96.3656 205.076>
LayerCount: 3
Fore
Refer: 409 729 N 1 0 0 1 -14 -1 2
Refer: 83 115 N 1 0 0 1 0 0 3
Layer: 2
Refer: 409 729 N 1 0 0 1 -14 -1 2
Refer: 83 115 N 1 0 0 1 0 0 2
Colour: ffff
EndChar
