StartChar: uni1E7F
Encoding: 7807 7807 871
Width: 530
VWidth: 0
HStem: -194 104<225.236 310.764> -12 21<255.624 288.857> 432 24<18 77.4712 178.184 234 324 374.828 447.076 506>
VStem: 216 104<-184.764 -99.2363>
DStem2: 292 105 264 -12 0.386277 -0.922383<-324.8 0> 292 105 282 -12 0.324324 0.945946<0 301.902>
LayerCount: 3
Fore
Refer: 409 729 N 1 0 0 1 48 -738 2
Refer: 86 118 N 1 0 0 1 0 0 3
Layer: 2
Refer: 409 729 N 1 0 0 1 48 -738 2
Refer: 86 118 N 1 0 0 1 0 0 2
Colour: ffff
EndChar
