StartChar: uni1F86
Encoding: 8070 8070 1015
Width: 552
Flags: W
HStem: -262 198<247 281> -12 76<415.615 499.133> -10 56<118.952 225.657> 392 76<182.05 289.746> 436 20<408 500> 613 86<227.068 323.886> 724 18<344.629 420.786> 816 18<163.214 239.371>
VStem: 52 28<85.786 235.84> 120 40<754 811.033> 220 88<-255.095 -108> 246 36<-120.545 -64.0124> 328 28<545.557 614.839> 424 40<746.967 804>
DStem2: 311 205 355 150 0.428213 0.903678<-165.776 -30.8609 -15.1141 67.1785 105.166 105.166>
LayerCount: 3
Fore
Refer: 479 890 N 1 0 0 1 44 20 2
Refer: 525 945 N 1 0 0 1 0 0 3
Refer: 1082 8143 N 1 0 0 1 174 0 2
Validated: 32769
Layer: 2
Refer: 479 890 N 1 0 0 1 44 20 2
Refer: 525 945 N 1 0 0 1 0 0 3
Refer: 1082 8143 N 1 0 0 1 174 0 2
Validated: 32769
Colour: ffff
EndChar
