StartChar: uni1E46
Encoding: 7750 7750 814
Width: 770
VWidth: 0
HStem: -194 104<373.236 458.764> -18 21<585.343 638> 0 32<62 138.252 224.171 300> 680 32<62 159.231 500 575.445 661.788 738>
VStem: 161 40<50.7454 603> 364 104<-184.764 -99.2363> 598 40<154 660.021>
DStem2: 251 712 205 603 0.534761 -0.845004<67.5064 657.074>
LayerCount: 3
Fore
Refer: 409 729 N 1 0 0 1 196 -738 2
Refer: 46 78 N 1 0 0 1 0 0 3
Layer: 2
Refer: 409 729 N 1 0 0 1 196 -738 2
Refer: 46 78 N 1 0 0 1 0 0 2
Colour: ffff
EndChar
