StartChar: uni1E95
Encoding: 7829 7829 893
Width: 440
VWidth: 0
HStem: -166 40<90 350> 0 24<123 300.666> 432 24<126.927 300>
VStem: 40 20<280 328.633> 90 260<-166 -126> 368 20<127.367 176>
DStem2: 40 26 123 24 0.539289 0.842121<43.0768 482.116>
LayerCount: 3
Fore
Refer: 110 175 N 1 0 0 1 0 -738 2
Refer: 90 122 N 1 0 0 1 0 0 3
Layer: 2
Refer: 110 175 N 1 0 0 1 0 -738 2
Refer: 90 122 N 1 0 0 1 0 0 2
Colour: ffff
EndChar
