StartChar: uni1FB1
Encoding: 8113 8113 1058
Width: 552
Flags: W
HStem: -12 76<415.615 499.133> -10 56<118.952 225.657> 392 76<182.05 289.746> 436 20<408 500> 572 40<162 422>
VStem: 52 28<85.786 235.84> 162 260<572 612>
DStem2: 311 205 355 150 0.428213 0.903678<-165.776 -30.8609 -15.1141 67.1785 105.166 105.166>
AnchorPoint: "GreekTopSunken" 292 636 basechar 0
AnchorPoint: "GreekTop" 292 656 basechar 0
LayerCount: 3
Fore
Refer: 110 175 N 1 0 0 1 72 0 2
Refer: 525 945 N 1 0 0 1 0 0 3
Validated: 49153
Layer: 2
Refer: 110 175 N 1 0 0 1 72 0 2
Refer: 525 945 N 1 0 0 1 0 0 3
Validated: 32769
Colour: ffff
EndChar
