StartChar: uni1FBC
Encoding: 8124 8124 1067
Width: 1068
VWidth: 1039
Flags: W
HStem: 0 32<46 130.962 222.043 320 432 530.344 643.17 742 820 883.633 956.367 1020> 212 32<259 471> 358 32<820 883.633 956.367 1020> 692 20<376.916 415.824>
VStem: 884 72<32.0044 357.996>
DStem2: 169 105 224 145 0.333876 0.942617<-2.5226 127.236 161.073 484.629> 409 712 367 549 0.322916 -0.946428<140.705 462.949 496.787 659.683>
LayerCount: 3
Fore
Refer: 1068 8126 N 1 0 0 1 764 0 2
Refer: 33 65 N 1 0 0 1 0 0 2
Layer: 2
Refer: 1068 8126 N 1 0 0 1 764 0 2
Refer: 33 65 N 1 0 0 1 0 0 2
Colour: ffff
EndChar
