StartChar: uni1FB7
Encoding: 8119 8119 1063
Width: 552
Flags: W
HStem: -262 198<247 281> -12 76<415.615 499.133> -10 56<118.952 225.657> 392 76<182.05 289.746> 436 20<408 500> 553 20<344 416.133> 659 20<167.867 240>
VStem: 52 28<85.786 235.84> 120 44<586.5 654.692> 220 88<-255.095 -108> 246 36<-120.545 -64.0124> 420 44<577.308 645.5>
DStem2: 311 205 355 150 0.428213 0.903678<-165.776 -30.8609 -15.1141 67.1785 105.166 105.166>
LayerCount: 3
Fore
Refer: 479 890 N 1 0 0 1 44 20 2
Refer: 525 945 N 1 0 0 1 0 0 3
Refer: 1070 8128 N 1 0 0 1 72 0 2
Validated: 32769
Layer: 2
Refer: 479 890 N 1 0 0 1 44 20 2
Refer: 525 945 N 1 0 0 1 0 0 3
Refer: 1070 8128 N 1 0 0 1 72 0 2
Validated: 32769
Colour: ffff
EndChar
