StartChar: uni1F0E
Encoding: 7950 7950 916
Width: 806
VWidth: 1039
Flags: W
HStem: 0 32<88 172.962 264.043 362 474 572.344 685.17 784> 212 32<301 513> 613 86<53.0677 149.886> 692 20<418.916 457.824> 724 18<170.629 246.786> 816 18<-10.7862 65.3711>
VStem: -54 40<754 811.033> 154 28<545.557 614.839> 250 40<746.967 804>
DStem2: 211 105 266 145 0.333876 0.942617<-2.5226 127.236 161.073 484.629> 451 712 409 549 0.322916 -0.946428<140.705 462.949 496.787 659.683>
LayerCount: 3
Fore
Refer: 33 65 N 1 0 0 1 42 0 2
Refer: 1082 8143 N 1 0 0 1 0 0 2
Layer: 2
Refer: 33 65 N 1 0 0 1 42 0 2
Refer: 1082 8143 N 1 0 0 1 0 0 2
AlternateSubs2: "'aalt' Access All Alternates in Latin lookup 0 subtable" Alpha
Substitution2: "'case' Case-Sensitive Forms for Greek-1" Alpha
Colour: ffff
EndChar
