StartChar: uni1E88
Encoding: 7816 7816 880
Width: 1068
VWidth: 0
HStem: -194 104<503.236 588.764> -18 21<343.19 379.683 690.101 727.368> 680 32<38 143.386 254.33 334 400 483.734 616.514 696 774 859.775 954.452 1044>
VStem: 494 104<-184.764 -99.2363>
DStem2: 256 633 159 636 0.278985 -0.960295<-21.9698 478.841> 389 173 374 -18 0.27335 0.961915<0 390.188> 612 597 510 611 0.284286 -0.95874<33.8228 450.954> 738 164 721 -18 0.303392 0.952866<0 488.73>
LayerCount: 3
Fore
Refer: 409 729 N 1 0 0 1 326 -738 2
Refer: 55 87 N 1 0 0 1 0 0 3
Layer: 2
Refer: 409 729 N 1 0 0 1 326 -738 2
Refer: 55 87 N 1 0 0 1 0 0 2
Colour: ffff
EndChar
