StartChar: uni1E32
Encoding: 7730 7730 794
Width: 756
VWidth: 0
HStem: -194 104<341.236 426.764> 0 32<62 159.643 254.357 347 412 505.155 627.352 714> 680 32<62 159.643 254.357 347 436 498.756 619.518 700>
VStem: 161 92<32.2373 300 343 679.787> 332 104<-184.764 -99.2363>
DStem2: 253 343 253 300 0.70266 0.711526<0 87.4933 181.541 375.64> 402 451 336 384 0.477867 -0.878432<27.3157 399.062>
LayerCount: 3
Fore
Refer: 409 729 N 1 0 0 1 164 -738 2
Refer: 43 75 N 1 0 0 1 0 0 3
Layer: 2
Refer: 409 729 N 1 0 0 1 164 -738 2
Refer: 43 75 N 1 0 0 1 0 0 2
Colour: ffff
EndChar
