StartChar: uni1E8A
Encoding: 7818 7818 882
Width: 750
VWidth: 0
HStem: 0 32<46 128.621 233.56 316 414 500.464 620.848 724> 680 32<56 169.204 288.005 366 439 508.041 607.153 709> 798 104<353.236 438.764>
VStem: 344 104<807.236 892.764>
DStem2: 176 99 251 139 0.551173 0.834391<9.07813 284.117 409.36 638.08> 404 439 345 352 0.475125 -0.879918<-253.724 0 42.4643 48.5205 91.9351 385.482>
LayerCount: 3
Fore
Refer: 1590 61421 N 1 0 0 1 176 0 2
Refer: 56 88 N 1 0 0 1 0 0 3
Layer: 2
Refer: 1590 61421 N 1 0 0 1 176 0 2
Refer: 56 88 N 1 0 0 1 0 0 2
Colour: ffff
EndChar
