StartChar: uni1E3E
Encoding: 7742 7742 806
Width: 838
VWidth: 0
HStem: -12 21<391.975 427.537> 0 32<62 137.829 224.171 300 506 603.643 698.357 796> 680 32<62 159.643 698.357 796> 762 176
VStem: 161 40<50.7454 622> 411 169 605 92<32.2373 649>
DStem2: 274 712 207 622 0.288456 -0.957493<66.8478 574.597> 437 161 422 -12 0.266817 0.963747<0 515.134>
LayerCount: 3
Fore
Refer: 1600 63177 N 1 0 0 1 216 0 2
Refer: 45 77 N 1 0 0 1 0 0 3
Layer: 2
Refer: 1600 63177 N 1 0 0 1 216 0 2
Refer: 45 77 N 1 0 0 1 0 0 2
Colour: ffff
EndChar
