StartChar: uni1E93
Encoding: 7827 7827 891
Width: 440
VWidth: 0
HStem: -194 104<177.236 262.764> 0 24<123 300.666> 432 24<126.927 300>
VStem: 40 20<280 328.633> 168 104<-184.764 -99.2363> 368 20<127.367 176>
DStem2: 40 26 123 24 0.539289 0.842121<43.0768 482.116>
LayerCount: 3
Fore
Refer: 409 729 N 1 0 0 1 0 -738 2
Refer: 90 122 N 1 0 0 1 0 0 3
Layer: 2
Refer: 409 729 N 1 0 0 1 0 -738 2
Refer: 90 122 N 1 0 0 1 0 0 2
Colour: ffff
EndChar
