StartChar: uni1E7D
Encoding: 7805 7805 869
Width: 530
VWidth: 0
HStem: -12 21<255.624 288.857> 432 24<18 77.4712 178.184 234 324 374.828 447.076 506> 560 50<273.524 378.185> 596 50<157.815 262.476>
VStem: 126 17<556.353 573.867> 393 17<632.133 649.647>
DStem2: 292 105 264 -12 0.386277 -0.922383<-324.8 0> 292 105 282 -12 0.324324 0.945946<0 301.902>
LayerCount: 3
Fore
Refer: 412 732 N 1 0 0 1 48 0 2
Refer: 86 118 N 1 0 0 1 0 0 3
Layer: 2
Refer: 412 732 N 1 0 0 1 48 0 2
Refer: 86 118 N 1 0 0 1 0 0 2
Colour: ffff
EndChar
