StartChar: uni1E09
Encoding: 7689 7689 753
Width: 436
VWidth: 0
HStem: -212 18<226.746 287.613> -98 48<240 300.578> -11 23<198.451 223 246 294.296> 444 24<197.119 298.111> 508 176
VStem: 48 88<113.661 340.77> 160 51<-189.557 -122.451> 223 169 308 38<-179.144 -107.929> 342 52<315 404.553> 378 24<108.999 156>
DStem2: 223 -11 240 -50 0.158876 0.987299<-35.8038 0>
LayerCount: 3
Fore
Refer: 115 180 N 1 0 0 1 28 0 2
Refer: 166 231 N 1 0 0 1 0 0 3
Layer: 2
Refer: 115 180 N 1 0 0 1 28 0 2
Refer: 166 231 N 1 0 0 1 0 0 2
Colour: ffff
EndChar
