StartChar: uni1E7E
Encoding: 7806 7806 870
Width: 772
VWidth: 0
HStem: -194 104<369.236 454.764> -18 21<391.875 430.496> 680 32<44 150.386 266.33 364 478 570.593 663.716 748>
VStem: 360 104<-184.764 -99.2363>
DStem2: 439 152 399 -18 0.335606 -0.942002<-532.291 0> 439 152 424 -18 0.308914 0.95109<0 495.484>
LayerCount: 3
Fore
Refer: 409 729 N 1 0 0 1 192 -738 2
Refer: 54 86 N 1 0 0 1 0 0 3
Layer: 2
Refer: 409 729 N 1 0 0 1 192 -738 2
Refer: 54 86 N 1 0 0 1 0 0 2
Colour: ffff
EndChar
