StartChar: uni215A
Encoding: 8538 8538 1253
Width: 820
Flags: W
HStem: -18 21<178 225.922> -10 24<597.016 670.878> 233 24<605.398 675.795> 270 24<113.989 214.868> 396 24<615.239 699.322> 468 21<81 88.5> 537 24<135.61 222.843> 625 50<98.6491 241.949> 680 20<74 97.5 270 297 594.078 642>
VStem: 54 44<305.798 376.374> 74 24<526 639> 262 72<345.05 503.143> 494 64<211 308.052> 706 64<54.185 202.09> 710 40<325.5 389.39>
DStem2: 178 -18 214 -18 0.512031 0.858967<18.4331 835.888>
LayerCount: 3
Fore
Refer: 1206 8310 N 1 0 0 1 440 -280 2
Refer: 1205 8309 N 1 0 0 1 0 0 2
Refer: 1337 8725 N 1 0 0 1 130 0 2
Layer: 2
Refer: 1206 8310 N 1 0 0 1 440 -280 2
Refer: 1205 8309 N 1 0 0 1 0 0 2
Refer: 1337 8725 N 1 0 0 1 130 0 2
Colour: ffff
EndChar
