StartChar: uni2157
Encoding: 8535 8535 1250
Width: 820
Flags: W
HStem: -18 21<178 225.922> -10 24<553.989 654.868> 188 21<521 528.5> 257 24<575.61 662.843> 270 24<121.223 233.43> 342 66<104.708 156.984> 345 50<538.649 681.949> 400 20<514 537.5 710 737> 474 40<107.01 197.388> 488 18<157.189 230.089> 675 25<135.306 231.365> 680 20<594.078 642>
VStem: 68 36<306.812 370> 78 44<594.5 662.698> 264 64<537.993 654.256> 274 72<327.763 450.217> 494 44<25.798 96.374> 514 24<246 359> 702 72<65.05 223.143>
DStem2: 178 -18 214 -18 0.512031 0.858967<18.4331 835.888>
LayerCount: 3
Fore
Refer: 1205 8309 N 1 0 0 1 440 -280 2
Refer: 114 179 N 1 0 0 1 0 0 2
Refer: 1337 8725 N 1 0 0 1 130 0 2
Layer: 2
Refer: 1205 8309 N 1 0 0 1 440 -280 2
Refer: 114 179 N 1 0 0 1 0 0 2
Refer: 1337 8725 N 1 0 0 1 130 0 2
Colour: ffff
EndChar
