StartChar: uni27EB
Encoding: 10219 10219 1430
Width: 570
Flags: W
HStem: 710 20<70 114.966 266 310.966>
VStem: 70 244 266 244
DStem2: 106 730 70 710 0.409056 -0.912509<3.52417 488.853> 70 -176 106 -196 0.410529 0.911848<0 483.5> 302 730 266 710 0.409056 -0.912509<3.52417 488.853> 266 -176 302 -196 0.410529 0.911848<0 483.5>
LayerCount: 3
Fore
Refer: 1411 9002 N 1 0 0 1 196 0 2
Refer: 1411 9002 N 1 0 0 1 0 0 2
Validated: 1
Layer: 2
Refer: 1411 9002 N 1 0 0 1 0 0 2
Refer: 1411 9002 N 1 0 0 1 196 0 2
Validated: 32769
Colour: ffff
EndChar
