StartChar: uni2178
Encoding: 8568 8568 1283
Width: 762
VWidth: 0
Flags: W
HStem: 0 24<38 100.812 175.188 238 276 337.917 402.691 442 516 568.163 662.386 724> 432 24<38 100.812 280 336.458 435.156 478 536 581.078 645.512 710> 580 104<89.2363 174.764>
VStem: 80 104<589.236 674.764> 102 72<24.0044 431.996>
DStem2: 375 79 414 89 0.559806 0.828624<-6.88357 151.876 240.739 390.13> 509 279 466 215 0.530874 -0.847451<-152.208 0 29.6803 31.4092 61.0895 233.342>
LayerCount: 3
Fore
Refer: 240 305 N 1 0 0 1 0 0 2
Refer: 409 729 N 1 0 0 1 -88 36 2
Refer: 88 120 N 1 0 0 1 242 0 2
Validated: 32769
Layer: 2
Refer: 88 120 N 1 0 0 1 242 0 2
Refer: 409 729 N 1 0 0 1 -88 36 2
Refer: 240 305 N 1 0 0 1 0 0 2
Validated: 32769
Colour: ffff
EndChar
