StartChar: uni2049
Encoding: 8265 8265 1180
Width: 692
Flags: W
HStem: -12 124<91.5898 188.41 421.59 518.41> 154 30<426.822 509.926> 468 85<333.606 402.617> 664 30<382.94 506.251> 674 20<121.5 158.5>
VStem: 78 124<1.58984 98.4102 446.685 678.927> 286 44<527 621.2> 380 34<195.172 282.944> 408 124<1.58984 98.4102> 530 24<209.548 279.386> 562 88<466.981 615.605>
LayerCount: 3
Fore
Refer: 31 63 N 1 0 0 1 222 0 2
Refer: 1 33 N 1 0 0 1 0 0 2
Layer: 2
Refer: 31 63 N 1 0 0 1 222 0 2
Refer: 1 33 N 1 0 0 1 0 0 2
Colour: ffff
EndChar
