StartChar: uni2156
Encoding: 8534 8534 1249
Width: 820
Flags: W
HStem: -18 21<178 225.922> -10 24<553.989 654.868> 188 21<521 528.5> 257 24<575.61 662.843> 280 56<108.007 297.407> 345 50<538.649 681.949> 400 20<514 537.5 710 737> 522 63<85.4405 145.497> 676 24<121.406 212.523> 680 20<594.078 642>
VStem: 52 32<588.588 644.952> 60 48<336 359.775> 256 72<523.175 645.885> 494 44<25.798 96.374> 514 24<246 359> 702 72<65.05 223.143>
DStem2: 178 -18 214 -18 0.512031 0.858967<18.4331 835.888>
LayerCount: 3
Fore
Refer: 1205 8309 N 1 0 0 1 440 -280 2
Refer: 113 178 N 1 0 0 1 0 0 2
Refer: 1337 8725 N 1 0 0 1 130 0 2
Layer: 2
Refer: 1205 8309 N 1 0 0 1 440 -280 2
Refer: 113 178 N 1 0 0 1 0 0 2
Refer: 1337 8725 N 1 0 0 1 130 0 2
Colour: ffff
EndChar
