StartChar: uni2189
Encoding: 8585 8585 1300
Width: 820
Flags: W
HStem: -18 21<178 225.922> -10 24<561.223 673.43> 62 66<544.708 596.984> 194 40<547.01 637.388> 208 18<597.189 670.089> 270 25<150.868 229.132> 395 25<575.306 671.365> 675 25<150.868 229.132> 680 20<594.078 642>
VStem: 30 72<370.099 599.901> 278 72<370.099 599.901> 508 36<26.8125 90> 518 44<314.5 382.698> 704 64<257.993 374.256> 714 72<47.7635 170.217>
DStem2: 178 -18 214 -18 0.512031 0.858967<18.4331 835.888>
LayerCount: 3
Fore
Refer: 1203 8304 N 1 0 0 1 0 0 2
Refer: 1337 8725 N 1 0 0 1 130 0 2
Refer: 114 179 N 1 0 0 1 440 -280 2
Layer: 2
Refer: 1203 8304 N 1 0 0 1 0 0 2
Refer: 1337 8725 N 1 0 0 1 130 0 2
Refer: 114 179 N 1 0 0 1 440 -280 2
Colour: ffff
EndChar
