StartChar: uni2174
Encoding: 8564 8564 1279
Width: 530
VWidth: 0
HStem: -12 21<255.624 288.857> 432 24<18 77.4712 178.184 234 324 374.828 447.076 506>
DStem2: 292 105 264 -12 0.386277 -0.922383<-324.8 0> 292 105 282 -12 0.324324 0.945946<0 301.902>
LayerCount: 3
Fore
Refer: 86 118 N 1 0 0 1 0 0 3
Validated: 32769
Layer: 2
Refer: 86 118 N 1 0 0 1 0 0 2
Validated: 32769
Colour: ffff
EndChar
