StartChar: uni2163
Encoding: 8547 8547 1262
Width: 1126
VWidth: 0
Flags: W
HStem: -18 21<745.875 784.496> 0 32<62 159.643 254.357 352> 680 32<62 159.643 254.357 352 398 504.386 620.33 718 832 924.593 1017.72 1102>
VStem: 161 92<32.2373 679.787>
DStem2: 793 152 753 -18 0.335606 -0.942002<-532.291 0> 793 152 778 -18 0.308914 0.95109<0 495.484>
LayerCount: 3
Fore
Refer: 54 86 N 1 0 0 1 354 0 2
Refer: 41 73 N 1 0 0 1 0 0 2
Layer: 2
Refer: 41 73 N 1 0 0 1 0 0 2
Refer: 54 86 N 1 0 0 1 354 0 2
Validated: 32769
Colour: ffff
EndChar
