StartChar: uni2206
Encoding: 8710 8710 1323
Width: 640
Flags: W
HStem: 0 84<110 480> 692 20<305.382 345.697>
DStem2: 54 32 110 84 0.355938 0.93451<68.527 592.641> 338 712 296 574 0.359155 -0.933278<113.708 637.099>
LayerCount: 3
Fore
Refer: 497 916 N 1 0 0 1 0 0 3
Validated: 32769
Layer: 2
Refer: 497 916 N 1 0 0 1 0 0 3
Validated: 32769
Colour: ffff
EndChar
