StartChar: uni217A
Encoding: 8570 8570 1285
Width: 762
VWidth: 0
Flags: W
HStem: 0 24<34 95.9171 160.691 200 274 326.163 420.386 482 530 592.812 667.188 730> 432 24<38 94.4582 193.156 236 294 339.078 403.512 468 530 592.812> 580 104<581.236 666.764>
VStem: 572 104<589.236 674.764> 594 72<24.0044 431.996>
DStem2: 133 79 172 89 0.559806 0.828624<-6.88357 151.876 240.739 390.13> 267 279 224 215 0.530874 -0.847451<-152.208 0 29.6803 31.4092 61.0895 233.342>
LayerCount: 3
Fore
Refer: 240 305 N 1 0 0 1 492 0 2
Refer: 409 729 N 1 0 0 1 404 36 2
Refer: 88 120 N 1 0 0 1 0 0 2
Validated: 32769
Layer: 2
Refer: 88 120 N 1 0 0 1 0 0 2
Refer: 409 729 N 1 0 0 1 404 36 2
Refer: 240 305 N 1 0 0 1 492 0 2
Validated: 32769
Colour: ffff
EndChar
