StartChar: uni2168
Encoding: 8552 8552 1267
Width: 1104
VWidth: 0
Flags: W
HStem: 0 32<62 159.643 254.357 352 400 482.621 587.56 670 768 854.464 974.848 1078> 680 32<62 159.643 254.357 352 410 523.204 642.005 720 793 862.041 961.153 1063>
VStem: 161 92<32.2373 679.787>
DStem2: 530 99 605 139 0.551173 0.834391<9.07813 284.117 409.36 638.08> 758 439 699 352 0.475125 -0.879918<-253.724 0 42.4643 48.5205 91.9351 385.482>
LayerCount: 3
Fore
Refer: 56 88 N 1 0 0 1 354 0 2
Refer: 41 73 N 1 0 0 1 0 0 2
Validated: 32769
Layer: 2
Refer: 41 73 N 1 0 0 1 0 0 2
Refer: 56 88 N 1 0 0 1 354 0 2
Validated: 32769
Colour: ffff
EndChar
