StartChar: uni2047
Encoding: 8263 8263 1178
Width: 882
Flags: W
HStem: -12 124<199.59 296.41 611.59 708.41> 154 30<204.822 287.926 616.822 699.926> 468 85<111.606 180.617 523.606 592.617> 664 30<160.94 284.251 572.94 696.251>
VStem: 64 44<527 621.2> 158 34<195.172 282.944> 186 124<1.58984 98.4102> 308 24<209.548 279.386> 340 88<466.981 615.605> 476 44<527 621.2> 570 34<195.172 282.944> 598 124<1.58984 98.4102> 720 24<209.548 279.386> 752 88<466.981 615.605>
LayerCount: 3
Fore
Refer: 31 63 N 1 0 0 1 412 0 2
Refer: 31 63 N 1 0 0 1 0 0 2
Layer: 2
Refer: 31 63 N 1 0 0 1 412 0 2
Refer: 31 63 N 1 0 0 1 0 0 2
Colour: ffff
EndChar
