StartChar: uni2158
Encoding: 8536 8536 1251
Width: 820
Flags: W
HStem: -18 21<178 225.922> -10 24<553.989 654.868> 188 21<521 528.5> 257 24<575.61 662.843> 278 24<126 197.797 262.203 334> 345 50<538.649 681.949> 398 28<72 198 262 334> 400 20<514 537.5 710 737> 670 20<197.424 262> 680 20<594.078 642>
VStem: 198 64<302.004 398 426 629> 494 44<25.798 96.374> 514 24<246 359> 702 72<65.05 223.143>
DStem2: 44 426 72 426 0.532303 0.846554<14.9045 253.825> 178 -18 214 -18 0.512031 0.858967<18.4331 835.888>
LayerCount: 3
Fore
Refer: 1205 8309 N 1 0 0 1 440 -280 2
Refer: 1204 8308 N 1 0 0 1 0 0 2
Refer: 1337 8725 N 1 0 0 1 130 0 2
Layer: 2
Refer: 1205 8309 N 1 0 0 1 440 -280 2
Refer: 1204 8308 N 1 0 0 1 0 0 2
Refer: 1337 8725 N 1 0 0 1 130 0 2
Colour: ffff
EndChar
