StartChar: uni2159
Encoding: 8537 8537 1252
Width: 820
Flags: W
HStem: -18 21<178 225.922> -10 24<597.016 670.878> 233 24<605.398 675.795> 278 24<84 163.818 228.182 308> 396 24<615.239 699.322> 594 28<84 162.545> 670 20<202.5 228> 680 20<594.078 642>
VStem: 164 64<302.003 594> 206 22<662.81 690> 494 64<211 308.052> 706 64<54.185 202.09> 710 40<325.5 389.39>
DStem2: 178 -18 214 -18 0.512031 0.858967<18.4331 835.888>
LayerCount: 3
Fore
Refer: 1206 8310 N 1 0 0 1 440 -280 2
Refer: 120 185 N 1 0 0 1 0 0 2
Refer: 1337 8725 N 1 0 0 1 130 0 2
Layer: 2
Refer: 1206 8310 N 1 0 0 1 440 -280 2
Refer: 120 185 N 1 0 0 1 0 0 2
Refer: 1337 8725 N 1 0 0 1 130 0 2
Colour: ffff
EndChar
