StartChar: uni2173
Encoding: 8563 8563 1278
Width: 772
VWidth: 0
Flags: W
HStem: -12 21<497.624 530.857> 0 24<38 100.812 175.188 238> 432 24<38 100.812 260 319.471 420.184 476 566 616.828 689.076 748> 580 104<89.2363 174.764>
VStem: 80 104<589.236 674.764> 102 72<24.0044 431.996>
DStem2: 534 105 506 -12 0.386277 -0.922383<-324.8 0> 534 105 524 -12 0.324324 0.945946<0 301.902>
LayerCount: 3
Fore
Refer: 240 305 N 1 0 0 1 0 0 2
Refer: 409 729 N 1 0 0 1 -88 36 2
Refer: 86 118 N 1 0 0 1 242 0 2
Validated: 32769
Layer: 2
Refer: 86 118 N 1 0 0 1 242 0 2
Refer: 409 729 N 1 0 0 1 -88 36 2
Refer: 240 305 N 1 0 0 1 0 0 2
Validated: 32769
Colour: ffff
EndChar
