StartChar: uni2151
Encoding: 8529 8529 1244
Width: 820
Flags: W
HStem: -18 21<178 225.922> -10 24<560.678 644.761> 153 24<584.205 654.602> 278 24<84 163.818 228.182 308> 396 24<589.122 662.984> 594 28<84 162.545> 670 20<202.5 228> 680 20<594.078 642>
VStem: 164 64<302.003 594> 206 22<662.81 690> 490 64<207.91 355.815> 510 40<20.61 84.5> 702 64<101.948 199>
DStem2: 178 -18 214 -18 0.512031 0.858967<18.4331 835.888>
LayerCount: 3
Fore
Refer: 1209 8313 N 1 0 0 1 440 -280 2
Refer: 1337 8725 N 1 0 0 1 130 0 2
Refer: 120 185 N 1 0 0 1 0 0 2
Layer: 2
Refer: 1209 8313 N 1 0 0 1 440 -280 2
Refer: 1337 8725 N 1 0 0 1 130 0 2
Refer: 120 185 N 1 0 0 1 0 0 2
Colour: ffff
EndChar
