StartChar: uni2059
Encoding: 8281 8281 1196
Width: 636
Flags: W
HStem: -12 124<91.5898 188.41 447.59 544.41> 182 124<269.59 366.41> 376 124<91.5898 188.41 447.59 544.41>
VStem: 78 124<1.58984 98.4102 389.59 486.41> 256 124<195.59 292.41> 434 124<1.58984 98.4102 389.59 486.41>
CounterMasks: 1 fc
LayerCount: 3
Fore
Refer: 14 46 N 1 0 0 1 178 194 2
Refer: 14 46 N 1 0 0 1 356 0 2
Refer: 14 46 N 1 0 0 1 356 388 2
Refer: 14 46 N 1 0 0 1 0 0 2
Refer: 14 46 N 1 0 0 1 0 388 2
Layer: 2
Refer: 14 46 N 1 0 0 1 178 194 2
Refer: 14 46 N 1 0 0 1 356 0 2
Refer: 14 46 N 1 0 0 1 356 388 2
Refer: 14 46 N 1 0 0 1 0 0 2
Refer: 14 46 N 1 0 0 1 0 388 2
Colour: ffff
EndChar
