StartChar: uni27EA
Encoding: 10218 10218 1429
Width: 570
Flags: W
HStem: 710 20<259.034 304 455.034 500>
VStem: 60 48<242 290> 256 48<242 290>
DStem2: 60 266 108 266 0.409056 0.912509<19.6347 504.964> 108 266 60 266 0.409056 -0.912509<0 485.329> 256 266 304 266 0.409056 0.912509<19.6347 504.964> 304 266 256 266 0.409056 -0.912509<0 485.329>
LayerCount: 3
Fore
Refer: 1410 9001 N 1 0 0 1 196 0 2
Refer: 1410 9001 N 1 0 0 1 0 0 2
Validated: 1
Layer: 2
Refer: 1410 9001 N 1 0 0 1 0 0 2
Refer: 1410 9001 N 1 0 0 1 196 0 2
Validated: 32769
Colour: ffff
EndChar
