StartChar: uni2048
Encoding: 8264 8264 1179
Width: 692
Flags: W
HStem: -12 124<199.59 296.41 503.59 600.41> 154 30<204.822 287.926> 468 85<111.606 180.617> 664 30<160.94 284.251> 674 20<533.5 570.5>
VStem: 64 44<527 621.2> 158 34<195.172 282.944> 186 124<1.58984 98.4102> 308 24<209.548 279.386> 340 88<466.981 615.605> 490 124<1.58984 98.4102 446.685 678.927>
LayerCount: 3
Fore
Refer: 1 33 N 1 0 0 1 412 0 2
Refer: 31 63 N 1 0 0 1 0 0 2
Layer: 2
Refer: 1 33 N 1 0 0 1 412 0 2
Refer: 31 63 N 1 0 0 1 0 0 2
Colour: ffff
EndChar
