StartChar: uni2152
Encoding: 8530 8530 1245
Width: 1200
Flags: W
HStem: -18 21<178 225.922> -10 25<970.868 1049.13> -2 24<524 603.818 668.182 748> 278 24<84 163.818 228.182 308> 314 28<524 602.545> 390 20<642.5 668> 395 25<970.868 1049.13> 594 28<84 162.545> 670 20<202.5 228> 680 20<594.078 642>
VStem: 164 64<302.003 594> 206 22<662.81 690> 604 64<22.0029 314> 646 22<382.81 410> 850 72<90.099 319.901> 1098 72<90.099 319.901>
DStem2: 178 -18 214 -18 0.512031 0.858967<18.4331 835.888>
LayerCount: 3
Fore
Refer: 1203 8304 N 1 0 0 1 820 -280 2
Refer: 120 185 N 1 0 0 1 440 -280 2
Refer: 1337 8725 N 1 0 0 1 130 0 2
Refer: 120 185 N 1 0 0 1 0 0 2
Layer: 2
Refer: 1203 8304 N 1 0 0 1 820 -280 2
Refer: 120 185 N 1 0 0 1 440 -280 2
Refer: 1337 8725 N 1 0 0 1 130 0 2
Refer: 120 185 N 1 0 0 1 0 0 2
Colour: ffff
EndChar
