StartChar: uni2150
Encoding: 8528 8528 1243
Width: 820
Flags: W
HStem: -18 21<178 225.922> 278 24<84 163.818 228.182 308> 348 56<524.249 719.994> 594 28<84 162.545> 670 20<202.5 228> 680 20<594.078 642>
VStem: 164 64<302.003 594> 206 22<662.81 690> 573 86<-11.107 118.229> 720 34<311.08 347.915>
DStem2: 178 -18 214 -18 0.512031 0.858967<18.4331 835.888> 640 193 674 208 0.594391 0.804176<-18.8176 139.725>
LayerCount: 3
Fore
Refer: 1207 8311 N 1 0 0 1 440 -280 2
Refer: 1337 8725 N 1 0 0 1 130 0 2
Refer: 120 185 N 1 0 0 1 0 0 2
Layer: 2
Refer: 1207 8311 N 1 0 0 1 440 -280 2
Refer: 1337 8725 N 1 0 0 1 130 0 2
Refer: 120 185 N 1 0 0 1 0 0 2
Colour: ffff
EndChar
