StartChar: uni2176
Encoding: 8566 8566 1281
Width: 1014
VWidth: 0
Flags: W
HStem: -12 21<255.624 288.857> 0 24<540 602.812 677.188 740 782 844.812 919.188 982> 432 24<18 77.4712 178.184 234 324 374.828 447.076 506 540 602.812 782 844.812> 580 104<591.236 676.764 833.236 918.764>
VStem: 582 104<589.236 674.764> 604 72<24.0044 431.996> 824 104<589.236 674.764> 846 72<24.0044 431.996>
DStem2: 292 105 264 -12 0.386277 -0.922383<-324.8 0> 292 105 282 -12 0.324324 0.945946<0 301.902>
LayerCount: 3
Fore
Refer: 240 305 N 1 0 0 1 744 0 2
Refer: 409 729 N 1 0 0 1 656 36 2
Refer: 240 305 N 1 0 0 1 502 0 2
Refer: 409 729 N 1 0 0 1 414 36 2
Refer: 86 118 N 1 0 0 1 0 0 2
Validated: 32769
Layer: 2
Refer: 86 118 N 1 0 0 1 0 0 2
Refer: 409 729 N 1 0 0 1 414 36 2
Refer: 240 305 N 1 0 0 1 502 0 2
Refer: 409 729 N 1 0 0 1 656 36 2
Refer: 240 305 N 1 0 0 1 744 0 2
Validated: 32769
Colour: ffff
EndChar
