StartChar: uni2AFD
Encoding: 11005 11005 1435
Width: 630
Flags: W
HStem: 710 20<347.578 394 527.578 574>
DStem2: 56 -198 96 -198 0.305743 0.952114<12.2297 974.673> 236 -198 276 -198 0.305743 0.952114<12.2297 974.673>
LayerCount: 3
Fore
Refer: 15 47 N 1 0 0 1 0 0 2
Refer: 15 47 N 1 0 0 1 180 0 2
Validated: 1
Layer: 2
Refer: 15 47 N 1 0 0 1 0 0 2
Refer: 15 47 N 1 0 0 1 180 0 2
Validated: 32769
Colour: ffff
EndChar
