StartChar: uni2155
Encoding: 8533 8533 1248
Width: 820
Flags: W
HStem: -18 21<178 225.922> -10 24<553.989 654.868> 188 21<521 528.5> 257 24<575.61 662.843> 278 24<84 163.818 228.182 308> 345 50<538.649 681.949> 400 20<514 537.5 710 737> 594 28<84 162.545> 670 20<202.5 228> 680 20<594.078 642>
VStem: 164 64<302.003 594> 206 22<662.81 690> 494 44<25.798 96.374> 514 24<246 359> 702 72<65.05 223.143>
DStem2: 178 -18 214 -18 0.512031 0.858967<18.4331 835.888>
LayerCount: 3
Fore
Refer: 1205 8309 N 1 0 0 1 440 -280 2
Refer: 120 185 N 1 0 0 1 0 0 2
Refer: 1337 8725 N 1 0 0 1 130 0 2
Layer: 2
Refer: 1205 8309 N 1 0 0 1 440 -280 2
Refer: 120 185 N 1 0 0 1 0 0 2
Refer: 1337 8725 N 1 0 0 1 130 0 2
Colour: ffff
EndChar
