StartChar: uni2167
Encoding: 8551 8551 1266
Width: 1834
VWidth: 0
Flags: W
HStem: -18 21<391.875 430.496> 0 32<794 891.643 986.357 1084 1148 1245.64 1340.36 1438 1502 1599.64 1694.36 1792> 680 32<44 150.386 266.33 364 478 570.593 663.716 748 794 891.643 986.357 1084 1148 1245.64 1340.36 1438 1502 1599.64 1694.36 1792>
VStem: 893 92<32.2373 679.787> 1247 92<32.2373 679.787> 1601 92<32.2373 679.787>
DStem2: 439 152 399 -18 0.335606 -0.942002<-532.291 0> 439 152 424 -18 0.308914 0.95109<0 495.484>
CounterMasks: 1 1c
LayerCount: 3
Fore
Refer: 41 73 N 1 0 0 1 1440 0 2
Refer: 41 73 N 1 0 0 1 1086 0 2
Refer: 41 73 N 1 0 0 1 732 0 2
Refer: 54 86 N 1 0 0 1 0 0 2
Layer: 2
Refer: 54 86 N 1 0 0 1 0 0 2
Refer: 41 73 N 1 0 0 1 732 0 2
Refer: 41 73 N 1 0 0 1 1086 0 2
Refer: 41 73 N 1 0 0 1 1440 0 2
Validated: 32769
Colour: ffff
EndChar
