StartChar: uni216A
Encoding: 8554 8554 1269
Width: 1104
VWidth: 0
Flags: W
HStem: 0 32<46 128.621 233.56 316 414 500.464 620.848 724 772 869.643 964.357 1062> 680 32<56 169.204 288.005 366 439 508.041 607.153 709 772 869.643 964.357 1062>
VStem: 871 92<32.2373 679.787>
DStem2: 176 99 251 139 0.551173 0.834391<9.07813 284.117 409.36 638.08> 404 439 345 352 0.475125 -0.879918<-253.724 0 42.4643 48.5205 91.9351 385.482>
LayerCount: 3
Fore
Refer: 41 73 N 1 0 0 1 710 0 2
Refer: 56 88 N 1 0 0 1 0 0 2
Validated: 32769
Layer: 2
Refer: 56 88 N 1 0 0 1 0 0 2
Refer: 41 73 N 1 0 0 1 710 0 2
Validated: 32769
Colour: ffff
EndChar
