StartChar: uniA640
Encoding: 42560 42560 1503
Width: 620
VWidth: 1039
Flags: W
HStem: -238 24<371.917 395.806> 0 32<178 449> 456 21<88 113> 680 32<236.884 482>
VStem: 88 25<456 503.908> 504 106<-126.883 -34.0496>
DStem2: 68 32 178 32 0.538389 0.842696<59.2228 768.96>
LayerCount: 3
Fore
Refer: 389 548 N 1 0 0 1 0 0 3
Validated: 32769
Layer: 2
Refer: 389 548 N 1 0 0 1 0 0 2
Validated: 32769
Colour: ffff
EndChar
