StartChar: uniA67D
Encoding: 42621 42621 1554
Width: 0
VWidth: 0
GlyphClass: 4
Flags: W
HStem: 594 32<-277.313 -216.81> 695 20<-369.167 -307.5 -158.045 -120>
VStem: -380 65<660.018 693.585>
DStem2: -266 502 -238 487 0.479134 0.877742<0.249634 108.3 136.748 248.135>
AnchorPoint: "Top" -262 508 mark 0
LayerCount: 3
Fore
Refer: 1556 42623 N 1 0 0 1 -392 0 2
Validated: 32769
Layer: 2
Refer: 1556 42623 N 1 0 0 1 -392 0 2
Validated: 32769
Colour: ffff
EndChar
