StartChar: ydieresis
Encoding: 255 255 190
Width: 530
Flags: W
TeX: 121 0
HStem: -238 32<124.099 186.506> 432 24<18 84.8576 184.184 244 324 374.828 447.076 506> 548 96<142.332 221.668 330.332 409.668>
VStem: 42 82<-205.7 -126.379> 134 96<556.332 635.668> 322 96<556.332 635.668>
DStem2: 290 68 110 373 0.325144 -0.945665<-357.022 0> 225 -127 253 -139 0.299972 0.953948<-64.3578 91.0927 205.518 543.377>
LayerCount: 3
Fore
Refer: 103 168 N 1 0 0 1 56 0 2
Refer: 89 121 N 1 0 0 1 0 0 3
Layer: 2
Refer: 103 168 N 1 0 0 1 56 0 2
Refer: 89 121 N 1 0 0 1 0 0 3
MultipleSubs2: "Decompose Accented-1" y uni0308
Colour: ffff
EndChar
