StartChar: zcaron
Encoding: 382 382 317
Width: 440
Flags: W
TeX: 122 0
HStem: 0 24<123 300.666> 432 24<126.927 300> 508 64<168 272>
VStem: 40 20<280 328.633> 88 264 368 20<127.367 176>
DStem2: 40 26 123 24 0.539289 0.842121<43.0768 482.116>
LayerCount: 3
Fore
Refer: 407 711 N 1 0 0 1 0 0 2
Refer: 90 122 N 1 0 0 1 0 0 3
Validated: 1
Layer: 2
Refer: 407 711 N 1 0 0 1 0 0 2
Refer: 90 122 N 1 0 0 1 0 0 3
Validated: 32769
Colour: ffff
EndChar
